-,-,-
-161.376953, -1015.380859, 96.679688
-161.376953, -955.810547, 78.613281
-125.244141, -1037.353516, 86.914062
-111.572266, -979.248047, 4.882812
-105.224609, -984.619141, 26.855469
-98.388672, -951.904297, -21.240234
-94.970703, -926.513672, 83.984375
-72.509766, -980.224609, 45.898438
-47.119141, -808.349609, -350.341797
6.835938, -324.951172, -625.244141
46.875000, -382.568359, 60.058594
-80.810547, -94.482422, 734.375000
-277.099609, -93.994141, 1463.867188
-524.658203, 291.015625, 1999.755859
-272.216797, 3.906250, 1999.755859
-458.251953, -655.517578, 1999.755859
-143.798828, -60.302734, 910.644531
69.335938, -401.123047, -1065.673828
44.921875, -616.943359, -453.857422
-,-,-
-263.916016, -894.287109, 500.000000
-204.833984, -1050.537109, 472.656250
-364.501953, -1268.310547, 883.300781
-244.384766, -929.443359, 858.886719
-169.677734, -803.466797, 264.648438
-143.798828, -731.201172, -37.841797
43.457031, -174.560547, -947.021484
-76.416016, -110.107422, -1163.330078
-240.966797, -20.751953, -1353.271484
-209.716797, -336.181641, -1064.697266
-142.333984, -535.400391, -951.904297
-72.509766, -151.123047, -223.388672
-383.056641, -1345.947266, 1517.578125
-262.939453, -740.478516, 826.660156
-,-,-
256.347656, -941.650391, 197.753906
438.964844, -1163.818359, 15.625000
355.468750, -814.697266, 76.660156
481.933594, -799.560547, -64.208984
562.988281, -1020.263672, 193.359375
602.050781, -733.154297, 421.875000
631.347656, -520.751953, 100.585938
625.000000, -654.541016, 791.015625
584.472656, 34.179688, 286.621094
597.167969, -92.529297, 1098.632812
383.789062, 295.898438, 700.683594
124.511719, 424.804688, 1058.105469
223.144531, 471.191406, 804.199219
210.449219, 326.171875, 1120.117188
265.625000, 250.976562, 1292.968750
173.828125, 460.937500, 935.058594
-,-,-
-87.646484, -52.978516, 966.308594
-5.615234, -12.451172, 1187.988281
-420.654297, 137.695312, 1232.421875
-644.775391, 249.023438, 1376.464844
-861.572266, 208.007812, 1557.128906
-799.560547, 398.437500, 1435.546875
-534.912109, 0.976562, 1057.617188
-467.529297, 16.601562, 1235.351562
-271.240234, 51.757812, 557.617188
-469.970703, -273.193359, 776.855469
-193.115234, -358.642578, 363.769531
-,-,-
-16.845703, -711.669922, -531.005859
131.347656, -869.384766, -455.810547
30.761719, -688.232422, -528.076172
251.464844, -479.736328, -578.857422
434.082031, -476.806641, -312.744141
666.503906, -520.263672, -45.654297
781.738281, -392.333984, -25.634766
862.304688, 58.593750, -455.810547
945.312500, -21.240234, 8.789062
966.308594, 181.640625, 405.273438
1317.382812, 328.125000, 733.398438
-,-,-
928.222656, 47.363281, 256.347656
968.750000, 380.859375, 369.140625
1005.859375, 361.328125, 248.046875
993.652344, 311.035156, 211.914062
971.679688, 378.417969, 715.820312
775.878906, 310.058594, 268.554688
848.632812, 459.472656, 565.429688
367.187500, 443.359375, 445.800781
1395.507812, 1510.742188, 1861.328125
541.503906, 516.601562, 750.488281
384.277344, 758.300781, 748.535156
-,-,-
585.937500, -89.111328, 1289.062500
-353.271484, 8.789062, 1319.824219
0.976562, -229.248047, 911.621094
-668.212891, -173.095703, 589.843750
-853.759766, 215.820312, 259.277344
-1089.599609, -5.126953, 147.460938
-,-,-
-715.087891, -42.724609, -721.435547
-788.330078, -94.970703, -637.451172
-894.775391, -182.861328, -667.236328
-873.291016, -219.970703, -531.982422
-803.466797, -246.337891, -628.173828
-832.763672, -334.228516, -52.001953
-898.193359, -290.771484, 629.882812
-245.361328, -403.076172, 1169.433594
-184.814453, -277.099609, 948.242188
47.363281, -99.853516, 1077.148438
386.230469, -96.923828, 929.687500
-,-,-
490.722656, -156.005859, 1018.554688
389.160156, -383.056641, 1132.812500
277.343750, -449.951172, 1067.871094
184.082031, -343.505859, 1536.621094
138.671875, -615.966797, 423.828125
-43.212891, -749.755859, 976.562500
-144.775391, -709.716797, 959.472656
-9.521484, -467.041016, -83.740234
9.765625, -669.189453, -168.701172
-7.568359, -669.677734, -192.138672
86.425781, -381.591797, -708.740234
-,-,-
40.039062, -687.255859, -722.900391
-19.775391, -717.041016, -830.322266
144.042969, -699.462891, -904.052734
21.484375, -522.216797, -948.974609
2.929688, -913.330078, 228.027344
-65.185547, -675.048828, -190.185547
-112.548828, -252.685547, 210.937500
-157.470703, -480.224609, 1005.371094
-137.939453, -26.123047, 822.265625
25.390625, -233.642578, 1013.183594
140.625000, 197.265625, 1062.011719
30.761719, 284.667969, 936.035156
285.156250, 215.332031, 1023.437500
385.742188, 592.773438, 1000.976562
-,-,-
285.644531, 597.167969, 773.925781
265.625000, 540.039062, 804.199219
279.296875, 552.246094, 744.140625
285.644531, 502.441406, 848.632812
375.000000, 573.730469, 860.839844
313.964844, 515.625000, 769.531250
262.207031, 488.281250, 900.878906
214.355469, 500.976562, 814.453125
173.828125, 423.828125, 884.765625
-48.095703, 452.148438, 777.832031
-70.556641, 242.675781, 939.941406
45.410156, 355.468750, 905.761719
-47.607422, 354.492188, 937.988281
-,-,-
-322.509766, 134.765625, 1016.113281
-361.083984, 426.269531, 898.437500
305.664062, -218.017578, 1250.976562
-368.408203, 708.007812, 669.433594
851.562500, 499.511719, 1292.480469
-82.275391, -320.068359, 904.296875
127.441406, 333.496094, 906.738281
500.488281, -75.927734, 1163.085938
359.863281, 127.441406, 729.003906
637.695312, 153.320312, 921.875000
521.484375, -156.005859, 1164.550781
-,-,-
801.757812, -494.873047, 629.882812
785.156250, -419.677734, 740.234375
934.082031, -498.779297, 704.101562
1041.992188, -398.193359, 578.125000
952.636719, -404.052734, 473.632812
953.613281, -507.080078, 409.667969
754.882812, -227.294922, 301.757812
817.871094, -484.130859, 49.316406
862.304688, -281.982422, -165.283203
787.597656, -338.623047, -218.505859
707.031250, -252.685547, -493.408203
497.070312, -33.935547, -603.759766
364.257812, 59.570312, -750.244141
285.644531, 97.167969, -831.298828
-,-,-
-532.470703, 570.312500, -611.083984
-433.837891, 479.492188, -858.642578
-823.486328, 275.390625, -293.701172
-633.056641, 335.449219, -553.466797
-736.572266, 23.925781, -440.673828
-1134.033203, 4.882812, -25.634766
-827.880859, 264.160156, -743.896484
-775.634766, -155.029297, 20.996094
-1089.599609, 66.406250, 195.312500
-808.349609, 258.789062, -155.517578
-681.884766, -98.876953, 618.652344
-623.779297, 128.417969, 548.339844
-324.951172, 70.312500, 918.945312
-328.369141, -55.908203, 1308.593750
-,-,-
56.152344, -237.060547, 1192.871094
-66.650391, -532.958984, 1192.871094
-184.814453, -346.435547, 1267.578125
-89.111328, -465.087891, 1028.320312
-301.513672, -504.150391, 804.199219
-168.212891, -552.978516, 986.816406
-176.513672, -623.779297, 877.929688
-95.947266, -665.283203, 298.828125
-104.248047, -701.904297, 294.921875
-86.669922, -656.005859, 248.046875
-76.416016, -576.904297, -552.490234
-69.091797, -569.091797, -797.607422
-46.630859, -640.380859, -705.810547
-17.822266, -591.552734, -909.423828
-,-,-
-153.076172, -212.646484, -1038.330078
-43.701172, -550.537109, -787.841797
9.277344, -565.185547, -741.943359
-77.392578, -643.310547, -559.326172
-147.705078, -675.048828, -521.728516
6.347656, -857.177734, 68.359375
-262.939453, -817.138672, 116.210938
12.695312, -861.083984, 1061.035156
-93.505859, -418.701172, 543.457031
-6.103516, -492.919922, 1116.699219
-45.654297, -353.271484, 886.230469
-52.001953, -119.384766, 819.335938
66.894531, -156.982422, 1178.710938
20.507812, -32.470703, 1320.800781
-,-,-
147.949219, 31.250000, 1129.882812
101.074219, 81.054688, 1323.730469
259.277344, 171.875000, 1332.031250
255.371094, 171.875000, 1307.617188
180.664062, 231.445312, 1309.082031
208.496094, 199.218750, 1217.285156
144.531250, 191.894531, 1080.078125
113.769531, 232.421875, 1051.757812
97.656250, 200.195312, 936.035156
108.886719, 165.039062, 843.750000
55.175781, 132.812500, 848.632812
43.945312, 77.148438, 819.335938
-,-,-
249.023438, 180.664062, 917.968750
230.468750, 169.921875, 1025.390625
267.089844, 199.218750, 930.664062
354.003906, 208.007812, 920.898438
404.296875, 271.484375, 922.851562
333.496094, 312.500000, 896.484375
363.769531, 297.851562, 934.082031
362.792969, 310.058594, 925.292969
266.601562, 418.945312, 867.187500
273.925781, 351.562500, 905.273438
195.312500, 416.015625, 877.929688
105.957031, 367.187500, 872.070312
31.250000, 328.125000, 947.265625
38.085938, 416.015625, 973.632812
-,-,-
72.265625, 287.109375, 1025.390625
-10.009766, 203.125000, 1081.054688
60.546875, 173.339844, 1054.687500
-72.021484, 418.945312, 947.265625
11.230469, 149.902344, 1037.597656
-170.166016, 320.312500, 1041.503906
-134.521484, 532.714844, 843.750000
-99.365234, 413.085938, 1084.472656
-47.119141, 398.437500, 763.671875
12.207031, 149.414062, 1319.824219
-74.951172, 439.453125, 954.101562
43.945312, 40.039062, 1113.769531
45.410156, 263.183594, 966.796875
153.320312, 217.773438, 951.171875
-,-,-
-86.669922, -49.560547, 1043.945312
-177.001953, -8.544922, 1104.492188
-129.638672, 29.296875, 977.539062
-170.654297, 105.468750, 1015.136719
-101.806641, 138.671875, 962.890625
-96.435547, 97.167969, 1000.000000
-57.373047, 137.695312, 989.746094
-31.982422, 71.777344, 978.515625
28.808594, 83.984375, 984.863281
100.585938, 64.453125, 979.492188
113.281250, 54.687500, 991.210938
113.769531, 140.625000, 965.820312
136.230469, 80.078125, 1033.203125
186.035156, 8.789062, 1044.921875
-,-,-
151.367188, 139.648438, 1344.238281
132.812500, 262.695312, 1205.078125
127.929688, 220.214844, 1055.664062
102.539062, 250.976562, 966.308594
132.812500, 195.312500, 927.734375
114.746094, 132.812500, 916.992188
65.917969, 148.437500, 909.667969
119.628906, 113.281250, 901.367188
120.605469, 93.261719, 916.015625
-,-,-
130.371094, 31.250000, 962.402344
162.109375, -29.052734, 1068.359375
144.531250, -12.451172, 1027.343750
173.339844, 11.718750, 1016.601562
161.621094, 23.925781, 985.839844
142.578125, 43.945312, 958.007812
82.031250, 22.949219, 992.187500
76.660156, 15.625000, 943.359375
27.343750, -10.498047, 992.187500
70.800781, 3.906250, 1003.906250
54.687500, 18.554688, 990.722656
61.035156, 14.648438, 1023.437500
102.539062, 30.273438, 1013.183594
96.679688, 68.359375, 913.085938
117.187500, 32.226562, 1059.082031
104.980469, 55.664062, 975.585938
-,-,-
-138.427734, 57.617188, 899.414062
-79.833984, 230.468750, 884.765625
-106.201172, -43.701172, 1058.105469
-129.150391, 146.484375, 811.523438
-83.251953, 27.343750, 880.859375
-37.841797, 43.945312, 893.554688
34.667969, 164.062500, 816.406250
-40.771484, 73.730469, 976.562500
-41.259766, 49.804688, 921.875000
40.527344, 132.812500, 980.957031
92.773438, 121.582031, 937.011719
108.398438, 156.250000, 926.757812
132.324219, 72.753906, 1113.769531
139.648438, 131.835938, 960.449219
100.585938, 125.000000, 909.667969
137.695312, 146.484375, 998.046875
171.386719, 154.296875, 961.425781
-,-,-
108.398438, 171.875000, 1013.183594
124.023438, 190.917969, 1095.703125
104.980469, 232.421875, 1084.960938
66.894531, 267.578125, 1042.968750
115.234375, 220.703125, 1140.625000
71.777344, 274.414062, 1055.664062
71.777344, 290.039062, 969.726562
63.476562, 279.296875, 1024.414062
42.968750, 180.664062, 1047.851562
27.343750, 219.726562, 1040.527344
-49.560547, 70.312500, 1161.132812
-38.818359, 180.664062, 1009.277344
16.601562, 243.164062, 930.664062
33.203125, 133.789062, 928.710938
19.042969, 152.343750, 875.976562
44.921875, 61.523438, 958.496094
79.101562, 61.523438, 965.820312
179.199219, 90.820312, 1046.875000
185.546875, 40.039062, 1024.414062
-,-,-
-4.638672, -166.748047, 1084.960938
-119.873047, -142.822266, 1111.328125
-80.810547, -235.107422, 1143.066406
-75.927734, -256.591797, 1143.066406
-67.626953, -320.068359, 840.820312
-114.501953, -434.814453, 1106.445312
-112.548828, -415.771484, 1084.960938
-108.642578, -488.037109, 847.656250
-108.154297, -593.505859, 837.890625
-123.779297, -608.154297, 676.269531
-171.630859, -704.833984, 442.871094
-190.673828, -787.841797, 417.968750
-194.091797, -822.021484, 206.542969
-154.052734, -896.240234, 85.937500
-,-,-
-151.123047, -858.154297, -410.888672
-114.990234, -816.650391, -513.427734
-123.779297, -679.443359, -718.505859
-110.107422, -617.919922, -678.466797
-72.998047, -536.865234, -780.517578
-71.044922, -436.767578, -791.748047
-38.818359, -306.396484, -901.123047
-82.275391, -223.388672, -917.724609
-119.384766, -281.005859, -919.677734
-38.818359, -29.052734, -1025.146484
20.507812, -84.716797, -965.576172
38.085938, 44.433594, -965.576172
-18.798828, 279.296875, -1074.951172
-66.650391, 156.250000, -917.724609
-,-,-
-141.357422, 172.851562, -832.275391
-55.908203, 463.867188, -1003.662109
-9.033203, 348.632812, -913.818359
5.371094, 413.085938, -893.798828
-41.748047, 523.437500, -918.701172
-13.916016, 491.210938, -879.150391
-107.666016, 383.300781, -866.943359
-27.099609, 546.386719, -834.228516
-145.263672, 471.679688, -740.966797
-104.736328, 619.140625, -811.279297
-307.373047, 578.125000, -618.896484
-78.369141, 631.835938, -804.931641
-362.548828, 649.902344, -525.146484
-309.814453, 713.867188, -649.658203
-445.556641, 715.332031, -479.248047
-267.822266, 862.304688, -627.197266
-370.361328, 592.773438, -614.990234
-557.373047, 667.968750, -516.357422
-,-,-
-835.205078, 416.015625, -198.974609
-878.662109, 501.464844, 16.601562
-921.630859, 434.082031, 182.128906
-887.939453, 374.023438, 207.519531
-754.638672, 497.070312, 254.394531
-815.185547, 518.554688, 148.437500
-617.919922, 389.160156, 460.937500
-767.822266, 384.765625, 379.394531
-556.884766, 321.289062, 729.003906
-489.501953, 764.648438, 641.601562
-561.767578, 502.441406, 546.386719
-258.056641, 657.714844, 909.667969
-240.478516, 645.507812, 787.109375
-108.154297, 643.554688, 871.093750
-,-,-
913.574219, 188.476562, 380.859375
999.511719, -31.005859, 523.925781
856.445312, 116.699219, 247.070312
993.164062, 23.437500, 326.171875
977.050781, 15.625000, 265.625000
1015.625000, 7.812500, 81.054688
989.746094, -64.208984, 178.222656
945.312500, -71.533203, -23.193359
1005.859375, -154.052734, -6.591797
978.027344, -100.341797, -2.685547
884.277344, -166.748047, -116.943359
891.601562, -126.708984, -222.412109
1013.183594, -301.513672, -121.826172
960.449219, -294.189453, -230.224609
-,-,-
879.882812, -463.623047, -408.935547
921.875000, -313.720703, -662.841797
905.761719, -419.677734, -502.685547
732.421875, -404.052734, -547.607422
656.738281, -439.208984, -595.947266
549.804688, -397.216797, -672.119141
524.414062, -409.423828, -755.126953
446.777344, -424.072266, -798.095703
302.734375, -260.498047, -823.486328
317.871094, -281.982422, -884.033203
190.917969, -247.802734, -834.228516
152.832031, -194.091797, -991.455078
38.085938, -81.787109, -914.794922
-,-,-
-285.400391, -118.408203, -785.888672
-326.416016, -158.935547, -1078.857422
-329.345703, -214.599609, -685.302734
-231.689453, -364.990234, -1042.236328
-111.083984, -552.978516, -693.603516
-211.669922, -545.654297, -629.150391
-264.404297, -571.044922, -586.669922
-102.783203, -911.376953, 59.570312
-79.345703, -739.990234, 154.785156
-147.216797, -905.029297, 304.687500
-127.685547, -807.373047, 428.710938
-44.189453, -706.787109, 568.847656
-124.267578, -559.326172, 515.136719
-10.986328, -575.439453, 886.230469
-32.958984, -491.943359, 878.417969
-,-,-
697.753906, 392.578125, 420.898438
762.695312, 352.539062, 554.687500
755.859375, 312.500000, 554.687500
695.312500, 372.070312, 595.214844
739.746094, 454.101562, 595.214844
710.449219, 503.906250, 613.281250
631.347656, 519.531250, 675.292969
619.628906, 586.914062, 608.398438
544.433594, 394.531250, 638.671875
545.410156, 653.320312, 563.476562
309.082031, 401.855469, 851.562500
394.042969, 837.890625, 784.179688
199.218750, 504.394531, 889.648438
459.960938, 480.957031, 925.781250
-157.958984, 191.406250, 750.488281
-164.794922, 224.609375, 1352.050781
-,-,-
-490.478516, 200.195312, 870.117188
-496.337891, 228.515625, 766.601562
-406.982422, 171.875000, 807.128906
-375.244141, 346.679688, 900.390625
-157.470703, 331.542969, 923.828125
14.648438, 494.140625, 1041.503906
314.453125, 166.503906, 1247.558594
152.343750, 279.296875, 1050.781250
324.218750, 377.929688, 791.015625
574.218750, -94.970703, 1144.042969
423.339844, 319.335938, 726.074219
725.585938, 153.320312, 637.695312
736.328125, 167.480469, 844.726562
752.441406, 141.601562, 577.148438
823.730469, 93.261719, 703.125000
890.625000, 139.160156, 420.410156
-,-,-
935.058594, 107.421875, 267.578125
976.562500, -131.591797, 288.574219
950.195312, -184.326172, 499.023438
916.015625, -306.396484, 525.390625
787.597656, -308.349609, 694.335938
830.078125, -442.138672, 630.371094
702.148438, -499.755859, 536.132812
603.027344, -559.326172, 704.589844
486.816406, -698.486328, 708.007812
538.085938, -674.072266, 147.949219
249.511719, -835.693359, 386.230469
211.425781, -795.654297, 353.515625
99.609375, -860.107422, -199.951172
71.777344, -780.029297, -252.685547
-,-,-
-194.091797, -334.716797, -925.537109
-176.513672, -468.505859, -927.978516
-205.810547, -525.146484, -755.126953
-147.216797, -722.900391, -701.416016
-133.544922, -715.576172, -737.060547
-168.212891, -687.255859, -326.904297
-104.736328, -845.458984, 48.828125
-214.111328, -773.193359, 372.070312
-307.373047, -759.521484, 334.472656
-156.005859, -612.060547, 679.199219
-165.283203, -456.298828, 685.546875
-90.576172, -245.849609, 735.351562
-69.091797, 16.601562, 889.648438
-157.958984, -19.287109, 1103.515625
-116.943359, 54.687500, 1043.945312
-114.990234, 185.058594, 1020.996094
-,-,-
-57.373047, 308.593750, 1093.261719
11.230469, 227.539062, 1143.066406
1.464844, 185.546875, 949.218750
32.226562, 289.550781, 924.804688
-24.658203, 291.992188, 896.484375
-75.927734, 283.203125, 849.609375
-72.509766, 254.882812, 899.414062
-26.123047, 332.031250, 852.050781
18.066406, 291.015625, 905.273438
139.648438, 342.773438, 920.898438
97.656250, 339.843750, 890.625000
152.832031, 379.882812, 935.058594
25.390625, 427.246094, 930.664062
146.484375, 430.175781, 890.625000
187.500000, 391.113281, 1023.437500
-,-,-
367.675781, 51.757812, 889.160156
316.894531, 147.460938, 959.472656
174.804688, 90.820312, 869.140625
336.914062, 136.718750, 846.679688
437.500000, -118.408203, 913.085938
509.765625, -43.212891, 772.460938
638.183594, -397.216797, 787.109375
952.636719, -113.037109, 415.527344
1245.605469, -498.779297, 911.621094
774.902344, -525.146484, 550.292969
709.960938, -144.775391, 144.531250
1145.996094, -604.248047, 135.253906
1212.402344, -203.857422, 56.640625
968.261719, -326.904297, 78.613281
894.531250, -356.689453, -137.451172
-,-,-
967.285156, -457.275391, -207.275391
872.558594, -404.052734, -475.341797
902.343750, -577.392578, -360.107422
706.054688, -600.830078, -531.005859
903.808594, -547.607422, -456.787109
689.453125, -574.951172, -499.755859
403.808594, -633.544922, -629.638672
409.667969, -605.712891, -595.947266
148.437500, -865.966797, -670.166016
-28.076172, -687.255859, -636.474609
-19.775391, -693.115234, -640.380859
-250.244141, -641.357422, -618.408203
-,-,-
-628.173828, 204.101562, -711.669922
-664.794922, 246.093750, -616.943359
-720.947266, 301.269531, -568.115234
-595.458984, 472.656250, -647.705078
-712.158203, 337.402344, -276.123047
-618.896484, 744.628906, -449.462891
-644.775391, 631.835938, -178.955078
-667.236328, 739.746094, -39.794922
-685.791016, 682.617188, -145.263672
-613.037109, 901.367188, 42.968750
-646.240234, 772.460938, -70.068359
-519.287109, 838.378906, -68.115234
-309.326172, 976.562500, -168.701172
-,-,-
-41.259766, 954.101562, 188.476562
-95.947266, 997.070312, 276.367188
64.453125, 1010.742188, 192.382812
64.453125, 1050.781250, 118.164062
-25.634766, 1000.000000, 148.925781
10.742188, 956.054688, 81.054688
29.785156, 1015.625000, 123.046875
-23.681641, 1000.000000, 55.175781
18.066406, 1030.761719, 15.625000
58.105469, 1005.371094, 151.367188
65.429688, 1008.789062, 27.832031
23.925781, 984.375000, 132.324219
-,-,-
412.597656, 1003.906250, -93.505859
502.441406, 920.898438, -69.091797
480.468750, 876.953125, -160.400391
363.769531, 855.468750, -311.767578
461.425781, 771.484375, -309.326172
497.070312, 882.812500, -547.119141
523.437500, 775.390625, -439.697266
523.925781, 742.187500, -445.556641
466.796875, 708.007812, -458.740234
497.070312, 695.800781, -462.646484
578.613281, 626.953125, -647.705078
487.304688, 665.039062, -586.669922
489.746094, 580.078125, -504.638672
549.316406, 512.695312, -629.638672
-,-,-
177.246094, 457.519531, -962.158203
297.363281, 406.738281, -913.330078
197.753906, 446.289062, -990.966797
262.207031, 471.679688, -926.513672
172.851562, 392.578125, -952.880859
159.667969, 495.117188, -873.779297
322.753906, 471.679688, -826.904297
211.914062, 502.929688, -737.060547
180.664062, 658.203125, -889.404297
249.023438, 497.070312, -731.689453
57.128906, 604.003906, -695.068359
121.582031, 696.777344, -814.208984
-,-,-
323.730469, 861.328125, 353.515625
269.042969, 895.507812, 528.320312
210.937500, 796.875000, 685.546875
239.746094, 914.062500, 684.570312
175.781250, 730.468750, 705.078125
50.781250, 661.132812, 879.394531
16.601562, 552.246094, 775.878906
-32.958984, 330.078125, 1032.714844
-144.287109, 104.492188, 1048.339844
-313.232422, -17.333984, 874.023438
-320.068359, -110.107422, 870.117188
-425.537109, -235.107422, 914.550781
-408.935547, -282.470703, 851.562500
-,-,-
-71.533203, 356.933594, -806.884766
-47.119141, 494.140625, -813.232422
55.664062, 620.117188, -750.732422
63.476562, 556.152344, -696.044922
68.359375, 758.789062, -767.333984
119.628906, 590.820312, -658.935547
145.507812, 747.558594, -710.693359
218.261719, 706.054688, -700.439453
157.226562, 800.781250, -642.333984
206.054688, 835.449219, -531.005859
216.308594, 791.015625, -509.521484
272.460938, 851.562500, -458.740234
335.937500, 701.171875, -466.064453
-,-,-
68.359375, 911.621094, -416.748047
91.796875, 927.734375, -585.693359
64.941406, 794.433594, -513.427734
-71.533203, 868.652344, -837.646484
-31.494141, 859.375000, -765.380859
1.953125, 510.742188, -775.146484
-74.951172, 585.937500, -979.248047
-48.095703, 267.578125, -1006.591797
-118.896484, 185.546875, -935.791016
-77.392578, -42.724609, -914.794922
-118.896484, -192.626953, -847.412109
-113.525391, -446.044922, -744.873047
-,-,-
0.488281, -861.083984, 250.000000
-48.095703, -857.177734, 357.421875
30.273438, -813.720703, 554.687500
-3.173828, -680.419922, 493.652344
21.972656, -593.505859, 619.140625
-127.197266, -526.123047, 705.078125
-48.583984, -402.099609, 765.625000
24.414062, -287.353516, 988.281250
1.953125, -237.060547, 1025.390625
66.894531, -73.486328, 1021.484375
-9.521484, 82.031250, 938.964844
155.761719, 83.007812, 1085.937500
-16.845703, 203.125000, 957.519531
126.953125, 222.656250, 966.796875
55.175781, 274.414062, 879.394531
183.593750, 413.085938, 948.242188
-,-,-
-38.818359, 323.242188, 921.875000
-,-,-
-189.208984, 267.578125, 916.992188
-190.185547, 183.105469, 1051.757812
-132.080078, 207.519531, 916.503906
-179.931641, 264.160156, 909.179688
-169.677734, 229.492188, 930.664062
-67.138672, 309.570312, 865.234375
-57.373047, 274.414062, 984.375000
-,-,-
-89.111328, -16.357422, 918.945312
-137.939453, -174.560547, 1029.296875
-155.517578, -91.552734, 932.128906
-43.212891, -102.294922, 1065.917969
-144.775391, -205.810547, 946.289062
-41.259766, -107.177734, 1033.691406
-113.037109, -160.888672, 961.425781
-65.673828, -130.615234, 1001.953125
-68.115234, -143.310547, 1011.718750
-64.208984, -107.177734, 1007.812500
-81.787109, -119.384766, 970.703125
-,-,-
-78.857422, -67.138672, 882.324219
-271.240234, -221.923828, 956.054688
-71.533203, -204.833984, 1189.453125
-17.822266, -159.912109, 1100.585938
-4.638672, -109.130859, 1416.992188
-30.029297, -210.693359, 1417.968750
-128.662109, -353.271484, 1053.710938
-80.810547, -458.740234, 1040.039062
-69.091797, -520.263672, 1032.226562
-101.806641, -577.392578, 485.839844
-171.142578, -722.900391, 144.531250
-219.970703, -747.314453, -32.958984
-209.228516, -744.384766, -203.857422
-,-,-
-199.951172, -1025.146484, 153.808594
-214.111328, -968.505859, 83.984375
-181.884766, -955.810547, 21.972656
-192.626953, -942.138672, -70.068359
-205.322266, -872.802734, -112.060547
-160.400391, -775.146484, -102.783203
-156.494141, -729.248047, 296.875000
-200.439453, -656.982422, 398.437500
-50.537109, -507.568359, 685.546875
-13.427734, -403.076172, 959.472656
-60.791016, -235.107422, 992.187500
19.042969, -261.962891, 1028.320312
82.519531, -104.248047, 1084.960938
-,-,-
119.140625, 52.734375, 1110.351562
118.652344, 55.664062, 1066.406250
140.136719, 42.968750, 1161.132812
192.382812, 47.851562, 1212.890625
169.921875, 30.273438, 1193.847656
146.972656, -2.685547, 1263.671875
188.964844, -109.130859, 1085.937500
141.113281, -241.455078, 1178.710938
-74.951172, -322.021484, 1168.457031
-52.001953, -447.998047, 950.195312
-10.986328, -522.216797, 699.707031
19.042969, -595.458984, 417.480469
-98.388672, -755.615234, 217.773438
-167.236328, -776.123047, -90.576172
-190.673828, -689.697266, -245.849609
-,-,-
-162.353516, -794.677734, -560.302734
-205.810547, -870.849609, -504.638672
-225.341797, -751.708984, -650.634766
-215.576172, -805.419922, -573.974609
-165.283203, -769.287109, -476.318359
-168.212891, -834.716797, -415.283203
-102.783203, -917.724609, -65.185547
-127.685547, -868.408203, -24.169922
-152.587891, -843.994141, 151.367188
-59.814453, -825.927734, 578.125000
-154.541016, -572.021484, 389.160156
26.855469, -512.451172, 757.324219
38.085938, -431.884766, 711.914062
34.667969, -248.779297, 877.929688
56.152344, -140.869141, 1201.171875
-,-,-
72.265625, -129.638672, 1065.917969
47.851562, -89.599609, 1057.617188
108.398438, -109.130859, 1206.054688
111.328125, -109.130859, 1045.898438
139.648438, -116.943359, 1135.742188
134.765625, -123.779297, 1203.125000
79.101562, -193.603516, 1140.625000
43.945312, -287.841797, 1125.976562
92.773438, -334.716797, 1151.367188
6.347656, -478.759766, 972.656250
-69.091797, -551.025391, 579.589844
-136.962891, -677.001953, 285.644531
-169.677734, -764.404297, -48.583984
-123.779297, -783.935547, -217.529297
-,-,-
-173.095703, -972.412109, -184.326172
-196.533203, -944.580078, -231.201172
-191.650391, -964.599609, -330.810547
-173.583984, -868.408203, -309.814453
-178.466797, -843.994141, -400.146484
-123.291016, -794.189453, -236.572266
-152.099609, -667.724609, -101.318359
-80.810547, -607.177734, 432.617188
-143.310547, -440.185547, 562.500000
-35.400391, -331.787109, 912.109375
-2.685547, -240.478516, 1154.296875
87.890625, -126.708984, 1054.687500
62.011719, -66.162109, 1270.019531
126.464844, -31.005859, 1220.214844
-,-,-
-8.544922, -115.966797, 990.234375
9.765625, -111.083984, 1169.433594
-9.033203, -179.443359, 1164.550781
-52.978516, -206.787109, 1216.796875
-45.654297, -216.064453, 1298.339844
-46.630859, -324.951172, 1099.609375
-77.392578, -429.443359, 1040.039062
-91.552734, -492.919922, 968.750000
-56.396484, -529.541016, 872.070312
-91.552734, -627.685547, 484.375000
-106.689453, -757.568359, 549.804688
-81.787109, -693.115234, 9.765625
-116.455078, -789.306641, -63.232422
-51.025391, -764.404297, -289.794922
-,-,-
-136.474609, -891.357422, -551.513672
-156.494141, -882.568359, -530.029297
-168.212891, -855.224609, -373.779297
-146.240234, -895.263672, -394.287109
-116.943359, -907.958984, -289.794922
-152.099609, -873.779297, -280.517578
-106.689453, -917.724609, -204.833984
-163.818359, -756.591797, -32.958984
-136.962891, -800.537109, 158.203125
-205.810547, -635.498047, 358.398438
-168.212891, -537.841797, 597.167969
-88.134766, -433.837891, 709.960938
-106.689453, -325.927734, 780.761719
1.953125, -159.912109, 1181.640625
-25.634766, -82.763672, 1306.640625
-31.982422, -3.173828, 1306.640625
-,-,-
-66.650391, -107.177734, 941.406250
-13.916016, -138.427734, 1113.769531
-1.220703, -206.787109, 1178.710938
-29.052734, -169.189453, 1265.625000
-20.263672, -202.880859, 1188.964844
-34.423828, -297.607422, 1251.953125
-47.119141, -353.271484, 1228.515625
-61.279297, -438.232422, 984.863281
-100.341797, -562.255859, 695.800781
-74.951172, -648.193359, 721.679688
-51.513672, -717.529297, 384.277344
-164.794922, -789.306641, 309.082031
-92.529297, -681.396484, -30.029297
-93.505859, -691.162109, -372.802734
-,-,-
-76.416016, -624.267578, 829.589844
-101.806641, -656.982422, 873.535156
-83.251953, -640.380859, 737.304688
-49.072266, -784.912109, 920.898438
-77.880859, -732.177734, 907.714844
-84.716797, -795.166016, 694.335938
-146.728516, -821.044922, 746.093750
-158.447266, -822.998047, 595.214844
-9.521484, -877.197266, 5.859375
-192.626953, -946.044922, 209.960938
-101.806641, -941.650391, 126.464844
-51.025391, -863.037109, -161.865234
-,-,-
-150.146484, -598.388672, 628.906250
-152.099609, -438.232422, 788.085938
-127.197266, -397.216797, 766.601562
-97.412109, -299.560547, 726.074219
-84.228516, -310.302734, 773.925781
-33.935547, -216.552734, 736.328125
-23.193359, -169.677734, 818.359375
25.390625, -80.322266, 920.898438
7.324219, -34.423828, 931.640625
-4.150391, -34.912109, 1013.183594
-27.099609, -124.755859, 1111.328125
-,-,-
37.109375, 55.664062, 980.468750
42.480469, 8.789062, 1078.125000
67.871094, 15.625000, 1220.214844
20.019531, 35.156250, 1346.191406
40.527344, -18.310547, 1556.152344
-4.638672, -68.603516, 1434.570312
12.207031, -33.935547, 1300.781250
8.300781, -42.724609, 1223.144531
56.640625, -94.970703, 1135.742188
55.664062, -73.974609, 995.117188
25.878906, -92.529297, 806.152344
-2.685547, -120.361328, 745.117188
-,-,-
-66.650391, -204.833984, 1055.664062
-57.373047, -185.302734, 939.453125
-42.724609, -196.044922, 971.679688
-66.650391, -147.705078, 819.335938
-13.427734, -132.568359, 736.328125
47.851562, -64.208984, 607.421875
74.707031, -62.255859, 534.179688
81.054688, -83.740234, 490.234375
48.339844, 65.429688, 508.789062
53.222656, 111.328125, 677.734375
181.640625, -9.521484, 1059.082031
284.179688, 20.996094, 1430.175781
214.355469, 8.789062, 1699.218750
146.484375, 67.382812, 1760.742188
-,-,-
105.468750, 17.578125, 996.582031
82.519531, 86.914062, 1084.472656
-117.919922, 46.875000, 1029.296875
-482.177734, 40.039062, 1134.765625
-603.759766, 113.281250, 1206.054688
-498.291016, 234.863281, 1176.757812
-141.845703, 236.816406, 1029.296875
240.234375, 312.988281, 1053.710938
329.589844, 179.687500, 927.734375
355.468750, 24.902344, 834.472656
366.210938, -38.818359, 829.589844
403.808594, -53.466797, 911.132812
335.449219, -74.951172, 886.230469
-,-,-
27.832031, 4.882812, 1049.804688
79.589844, 50.292969, 961.425781
147.949219, -44.677734, 934.082031
444.335938, -126.708984, 1058.593750
1238.769531, -118.408203, 881.347656
1545.410156, 82.031250, 754.882812
705.566406, 220.214844, 677.734375
-707.763672, 306.640625, 763.671875
-808.349609, 145.996094, 1386.718750
-454.833984, 292.968750, 1255.859375
-,-,-
128.906250, 103.515625, 818.359375
149.414062, -113.037109, 1146.484375
10.253906, 65.917969, 1039.550781
-327.392578, 92.773438, 1031.250000
-1283.447266, 190.429688, 1515.625000
-1812.255859, 454.589844, 1704.101562
-776.611328, 715.820312, 901.855469
1033.203125, 485.351562, 307.617188
1822.265625, 314.941406, 737.304688
1326.171875, -128.662109, 1098.632812
630.859375, -209.228516, 802.246094
-,-,-
74.218750, -906.982422, -70.068359
70.312500, -950.927734, -36.865234
191.406250, -1028.076172, -40.771484
557.617188, -985.595703, -41.748047
900.878906, -936.279297, 118.164062
882.324219, -896.240234, 271.484375
328.613281, -849.365234, 127.441406
-177.001953, -869.384766, 54.199219
-480.224609, -1037.353516, -78.369141
-324.951172, -1084.716797, -17.333984
-309.814453, -1024.169922, 115.234375
-246.826172, -975.341797, -13.427734
-,-,-
40.039062, -961.669922, 93.750000
-16.845703, -993.896484, -30.517578
61.035156, -917.724609, -6.591797
105.468750, -1044.677734, 69.335938
32.226562, -1044.677734, 38.085938
-245.361328, -1105.712891, 48.828125
-586.181641, -1019.287109, -95.458984
-311.767578, -981.201172, 225.585938
45.898438, -918.701172, 156.738281
403.320312, -960.205078, 164.062500
-,-,-
68.359375, -948.974609, 250.000000
115.234375, -993.896484, 77.636719
312.500000, -943.115234, 166.015625
723.632812, -978.271484, 115.234375
913.574219, -894.287109, 176.757812
954.101562, -807.373047, 125.976562
689.941406, -689.208984, 124.511719
286.621094, -776.123047, 211.425781
-371.826172, -896.240234, 399.414062
-376.708984, -1074.462891, 459.960938
-,-,-
4.394531, -922.607422, 253.906250
-111.083984, -1026.123047, 158.203125
-6.103516, -1035.400391, 317.871094
-44.677734, -1052.978516, 138.183594
-,-,-
-398.193359, -969.482422, 246.093750
-873.779297, -1029.052734, 281.738281
-782.958984, -984.619141, 459.960938
-575.927734, -960.205078, 398.437500
-397.705078, -983.154297, 474.609375
-55.419922, -938.720703, 573.730469
415.527344, -857.177734, 871.093750
766.601562, -915.771484, 705.078125
-,-,-
163.085938, -857.177734, -139.404297
134.765625, -908.447266, -112.060547
37.109375, -819.091797, -124.755859
91.796875, -763.427734, -37.841797
5.371094, -490.966797, -78.369141
134.765625, -339.111328, 115.234375
104.003906, 51.757812, 300.781250
54.199219, 97.167969, 595.214844
88.378906, 399.414062, 1033.203125
207.519531, 344.726562, 1439.453125
214.355469, 395.507812, 1725.585938
-,-,-
-224.365234, -723.388672, -694.091797
-192.626953, -680.419922, -720.458984
-242.919922, -636.474609, -775.146484
-204.345703, -554.443359, -761.474609
-204.833984, -531.494141, -844.482422
-291.259766, -292.236328, -1117.431641
-87.646484, -379.150391, -714.599609
10.742188, -499.755859, -325.927734
-25.146484, 59.570312, 85.449219
173.828125, -233.154297, 548.339844
160.644531, 259.277344, 807.617188
126.953125, 405.761719, 788.085938
273.925781, 402.343750, 1245.117188
-,-,-
98.632812, 81.054688, 951.171875
114.257812, 87.890625, 1033.203125
111.328125, 23.437500, 1123.046875
100.585938, 28.320312, 1194.824219
140.625000, -9.521484, 1310.546875
150.390625, -0.732422, 1350.097656
218.750000, -45.654297, 1481.933594
269.531250, -29.052734, 1499.023438
313.476562, -97.900391, 1413.085938
338.867188, -197.021484, 1502.929688
250.488281, -112.060547, 1108.398438
-25.634766, -101.806641, 512.695312
-34.912109, -206.787109, 20.019531
-136.474609, -331.787109, -595.947266
-,-,-
-329.345703, -901.123047, -281.005859
-329.833984, -908.935547, -290.771484
-370.849609, -912.353516, -315.185547
-321.044922, -894.287109, -360.107422
-299.072266, -840.087891, -365.478516
-284.912109, -749.755859, -449.951172
-225.341797, -709.716797, -433.349609
-177.490234, -551.513672, -225.341797
-146.240234, -218.994141, -93.505859
37.597656, 23.925781, 342.773438
168.457031, 506.347656, 507.812500
269.042969, 747.558594, 906.738281
251.464844, 787.109375, 1495.117188
288.574219, 513.671875, 1802.734375
272.460938, 563.476562, 1901.367188
-,-,-
-137.451172, -851.318359, -458.251953
-153.076172, -906.982422, -314.208984
-171.630859, -931.396484, -399.169922
-214.111328, -1025.634766, -420.166016
-131.103516, -977.783203, -519.775391
-104.736328, -901.123047, -742.919922
-167.236328, -1067.138672, -873.291016
-83.740234, -1021.240234, -660.400391
136.230469, -1072.021484, 46.875000
120.605469, -824.951172, 376.953125
84.960938, -504.150391, 204.101562
79.589844, -66.162109, 388.183594
170.898438, -196.533203, 715.820312
-,-,-
13.671875, -546.630859, 1182.617188
1.464844, -444.091797, 1296.386719
223.632812, -355.712891, 1451.660156
109.863281, 350.585938, 1529.296875
395.019531, 626.953125, 1771.972656
370.605469, 719.238281, 1602.539062
216.796875, 623.535156, 1371.582031
177.246094, 503.417969, 1185.546875
122.558594, 411.132812, 869.140625
142.089844, 170.898438, 668.945312
70.312500, 34.179688, 648.925781
-15.869141, -36.865234, 668.945312
-,-,-
-108.154297, -407.958984, 1096.679688
-74.951172, -313.720703, 986.816406
-85.205078, -251.708984, 933.105469
-75.439453, -290.771484, 865.234375
-189.697266, -307.373047, 522.460938
-55.419922, -336.181641, 548.828125
-70.068359, -412.353516, 427.734375
-101.806641, -498.779297, 364.746094
-143.798828, -406.494141, 504.882812
-215.576172, -630.615234, 409.179688
-168.701172, -581.787109, 474.609375
-197.509766, -662.841797, 453.125000
-72.509766, -729.248047, 599.121094
-125.244141, -613.037109, 607.421875
26.367188, -725.341797, 910.644531
117.675781, -615.966797, 1089.355469
-,-,-
228.515625, 94.238281, 884.277344
167.968750, 371.093750, 748.046875
289.062500, 332.519531, 898.437500
235.351562, 547.851562, 1001.953125
267.089844, 644.531250, 1205.078125
147.949219, 553.710938, 1266.113281
124.023438, 454.101562, 1466.796875
111.816406, 261.230469, 1579.589844
252.441406, -72.509766, 1708.007812
390.625000, -201.904297, 1540.527344
335.449219, -314.697266, 1188.964844
317.382812, -394.287109, 968.750000
178.222656, -445.068359, 808.105469
144.531250, -468.505859, 700.683594
98.632812, -461.669922, 672.363281
85.937500, -461.669922, 579.101562
55.175781, -452.880859, 609.375000
-9.521484, -295.654297, 476.562500
12.695312, -243.408203, 529.296875
-32.958984, -125.732422, 649.902344
-,-,-
-74.951172, -22.705078, 566.406250
-27.099609, -101.318359, 630.859375
59.082031, -47.119141, 593.750000
104.492188, 183.593750, 476.562500
211.425781, 486.328125, 701.660156
390.625000, 699.707031, 905.761719
308.593750, 706.054688, 877.929688
213.867188, 716.796875, 935.058594
304.199219, 708.984375, 898.437500
241.210938, 725.585938, 890.625000
262.207031, 706.054688, 1135.742188
14.160156, 589.355469, 1080.078125
-872.802734, 870.605469, 1999.755859
274.902344, 85.937500, 1270.019531
341.308594, -106.201172, 1464.843750
278.808594, 46.386719, 1686.035156
144.531250, 59.570312, 1694.335938
145.507812, 122.558594, 1701.171875
93.750000, 150.390625, 1517.578125
-44.677734, 284.179688, 1482.910156
-150.634766, 354.003906, 1270.019531
-98.876953, 312.011719, 921.875000
-,-,-
-365.966797, 132.812500, 1307.617188
-131.103516, 160.156250, 1355.468750
48.828125, 201.171875, 1059.082031
153.320312, 134.765625, 682.128906
116.210938, -44.677734, 457.519531
228.515625, 31.250000, 193.359375
315.917969, -28.076172, 52.246094
311.523438, 37.109375, 257.324219
58.593750, 302.734375, 689.453125
-67.626953, 484.375000, 943.359375
-172.607422, 532.226562, 1423.339844
0.488281, 786.621094, 1833.007812
222.167969, 590.820312, 1933.593750
500.000000, 613.281250, 1999.755859
617.187500, 458.007812, 1999.755859
688.476562, 353.515625, 1521.484375
662.597656, 289.550781, 1354.492188
231.445312, 364.257812, 935.058594
-54.443359, 164.062500, 458.007812
-73.974609, 83.984375, 370.605469
-39.794922, 63.476562, 358.398438
-,-,-
39.062500, -64.208984, 1343.750000
63.964844, -17.333984, 1345.214844
23.925781, -105.224609, 1513.671875
116.210938, 66.406250, 1306.640625
175.781250, 1.464844, 1232.421875
242.187500, -51.513672, 1065.917969
239.746094, -100.830078, 867.187500
229.492188, -158.935547, 670.898438
144.531250, -234.130859, 513.671875
87.402344, -197.998047, 376.953125
65.917969, -163.330078, 347.656250
22.949219, -98.876953, 378.906250
-74.951172, -17.333984, 308.105469
-155.517578, 9.765625, 394.531250
-142.822266, 125.976562, 571.777344
-317.138672, 208.007812, 647.949219
-199.462891, 412.109375, 819.335938
-215.087891, 465.820312, 1124.023438
-,-,-
-747.314453, -69.091797, -276.123047
-860.595703, 18.554688, 58.105469
-821.044922, -71.044922, -30.029297
-1122.314453, 34.179688, -129.150391
-1498.291016, 186.523438, -109.130859
-1926.513672, -96.923828, 230.468750
-1892.333984, 214.355469, 205.566406
-1661.376953, 449.218750, 249.023438
-1353.759766, 343.750000, 268.554688
-1098.876953, 571.777344, -100.341797
-1009.033203, 596.191406, -36.865234
-909.912109, 517.578125, -34.912109
-638.916016, 439.453125, -169.677734
-511.474609, 288.574219, 75.683594
-426.025391, 130.859375, -18.310547
-412.841797, 88.867188, -127.197266
-391.357422, -81.787109, -3.173828
-468.505859, -197.021484, -78.369141
-485.107422, -257.568359, -125.732422
-554.443359, -525.146484, -23.193359
-580.322266, -533.935547, -12.451172
-660.888672, -498.779297, 99.609375
-531.982422, -687.255859, 26.855469
-633.056641, -680.419922, 350.585938
-850.341797, -771.240234, 430.664062
-1031.494141, -680.419922, 452.148438
-1262.451172, -555.419922, 634.765625
-1364.013672, -692.138672, 754.394531
-,-,-
595.214844, -541.748047, -78.369141
659.667969, -579.345703, 4.882812
638.183594, -611.083984, -9.033203
775.878906, -557.373047, 179.687500
703.613281, -542.724609, 120.117188
691.894531, -582.763672, 345.214844
698.242188, -495.849609, 205.078125
858.886719, -542.724609, 271.484375
964.843750, -587.646484, 328.125000
1097.167969, -458.740234, 386.718750
1240.722656, -391.357422, 402.343750
1437.988281, -170.654297, 382.812500
1517.578125, -52.490234, 192.382812
1691.406250, 60.546875, 204.101562
1645.996094, 188.476562, 8.789062
1588.378906, 246.093750, 80.566406
1341.308594, 258.300781, -92.529297
1182.617188, 244.140625, -150.146484
952.148438, 199.218750, -251.708984
735.351562, 83.984375, -311.767578
595.703125, 30.273438, -395.263672
543.457031, -90.576172, -369.873047
464.843750, -224.365234, -417.724609
-,-,-
-113.525391, -524.169922, 101.074219
30.761719, -218.505859, 208.496094
68.847656, -145.751953, 191.406250
241.210938, -60.302734, 649.902344
382.812500, -32.958984, 1131.835938
509.765625, 87.890625, 1208.007812
538.574219, 157.226562, 1290.039062
348.144531, 166.015625, 1442.382812
291.015625, 90.820312, 1549.804688
179.687500, 138.671875, 1752.929688
167.480469, 172.851562, 1855.468750
156.738281, 262.207031, 1973.144531
127.929688, 257.812500, 1864.257812
76.660156, 197.265625, 1688.964844
37.109375, 154.296875, 1381.835938
-,-,-
-104.248047, 163.574219, 980.957031
-174.560547, 252.929688, 1153.320312
-143.798828, 421.875000, 1297.363281
119.140625, 497.558594, 1493.164062
307.617188, 450.195312, 1526.367188
487.304688, 375.000000, 1376.464844
632.324219, 277.343750, 1222.167969
752.441406, 154.296875, 1121.093750
770.019531, 1.464844, 897.460938
716.796875, -16.357422, 867.187500
669.433594, -59.326172, 774.902344
582.031250, -119.384766, 666.992188
482.421875, -153.076172, 626.953125
389.648438, -194.580078, 535.156250
278.320312, -163.330078, 548.828125
113.769531, -90.576172, 510.742188
3.906250, -86.669922, 382.324219
-128.662109, -89.599609, 347.656250
-237.548828, -72.509766, 530.273438
-,-,-
274.902344, -204.833984, 895.507812
361.328125, -215.087891, 819.335938
312.500000, -175.537109, 661.132812
130.371094, -178.466797, 336.425781
-66.650391, -42.724609, 195.312500
-257.568359, 54.687500, 156.250000
-402.099609, 271.484375, 490.722656
-597.900391, 464.843750, 891.601562
-383.056641, 634.765625, 1471.679688
-108.642578, 585.937500, 1943.847656
168.945312, 623.046875, 1999.755859
495.117188, 562.500000, 1999.755859
678.222656, 326.171875, 1985.351562
939.453125, 269.531250, 1428.222656
924.316406, 49.804688, 819.335938
738.769531, -107.177734, 493.652344
470.214844, -196.044922, 257.324219
-,-,-
-490.478516, -82.763672, 1519.531250
-391.357422, 225.585938, 1249.511719
-250.244141, 53.710938, 896.484375
-116.943359, 153.320312, 581.054688
105.468750, -54.443359, 452.148438
205.566406, -81.787109, 300.781250
390.625000, -66.162109, 277.343750
506.347656, -120.361328, 348.632812
560.546875, -128.662109, 543.457031
581.542969, -40.771484, 771.484375
662.597656, 20.507812, 1054.687500
726.562500, 96.191406, 1258.789062
685.058594, 234.375000, 1406.738281
464.355469, 384.277344, 1677.734375
280.761719, 421.875000, 1872.558594
48.828125, 569.335938, 1815.917969
-,-,-
407.226562, 303.710938, 1071.289062
396.484375, 374.023438, 956.054688
269.042969, 319.335938, 640.625000
82.519531, -13.427734, 189.453125
118.652344, -217.529297, 98.632812
69.824219, -64.697266, 261.718750
78.613281, -59.326172, 112.304688
-180.419922, -733.642578, -390.869141
-160.400391, -1343.017578, 7.812500
-572.021484, -1873.779297, -390.869141
-584.228516, -1924.072266, -454.833984
-429.443359, -1313.720703, -682.373047
-322.509766, -850.341797, -759.521484
-,-,-
-29.052734, -385.986328, 840.820312
162.597656, -572.021484, 1594.726562
374.023438, -526.611328, 1999.755859
340.332031, -658.935547, 1907.226562
196.777344, -635.498047, 1453.613281
171.875000, -460.693359, 928.710938
134.765625, -396.240234, 662.109375
101.074219, -286.865234, 455.078125
39.550781, -450.927734, 194.335938
19.042969, -217.041016, 52.246094
-0.732422, -306.396484, -247.802734
-41.259766, -194.580078, -543.212891
-225.341797, -149.169922, -974.365234
-165.283203, -508.056641, -1017.822266
-,-,-
-278.076172, -913.330078, -793.701172
-337.646484, -916.748047, -742.919922
-189.697266, -1064.208984, -438.720703
-122.314453, -740.478516, -532.958984
89.355469, -568.115234, 171.386719
-5.126953, -662.841797, -42.724609
-26.123047, -476.806641, -6.591797
119.628906, -420.654297, 210.449219
227.050781, 329.589844, 499.511719
283.203125, 68.847656, 792.968750
194.335938, 403.320312, 814.453125
224.609375, 451.660156, 1094.726562
251.464844, 540.039062, 1121.093750
308.105469, 547.851562, 1261.718750
-,-,-
314.453125, 150.390625, 1223.632812
303.222656, 200.195312, 1027.343750
311.035156, 163.085938, 1041.992188
277.832031, 247.070312, 791.992188
277.832031, 207.031250, 831.542969
216.308594, 234.375000, 691.406250
220.703125, 285.644531, 689.453125
151.367188, 526.855469, 687.500000
272.949219, 561.523438, 667.968750
331.054688, 481.933594, 925.781250
258.789062, 727.539062, 681.640625
58.593750, 540.039062, 731.445312
26.367188, 590.820312, 783.203125
-87.646484, 490.234375, 893.554688
-72.998047, 428.710938, 843.750000
43.945312, 461.914062, 1120.117188
-,-,-
-118.896484, 259.765625, 1093.750000
-242.919922, 304.687500, 1205.078125
-173.583984, 485.351562, 1246.582031
-524.658203, 737.792969, 870.117188
68.847656, 50.292969, 1293.945312
-68.115234, 750.976562, 736.328125
147.949219, 290.039062, 1131.835938
-4.638672, 388.183594, 846.679688
169.921875, 501.464844, 758.789062
196.777344, 286.621094, 1093.261719
207.031250, 410.156250, 529.296875
252.929688, 330.078125, 921.875000
442.382812, 405.273438, 924.804688
336.914062, 158.203125, 656.250000
350.097656, 170.410156, 837.890625
-,-,-
389.648438, -43.701172, 790.039062
369.628906, 42.968750, 1064.941406
374.511719, -18.310547, 1289.550781
365.722656, 48.339844, 1469.726562
381.347656, 68.847656, 1402.832031
421.875000, 112.304688, 1211.914062
440.917969, -27.587891, 1270.019531
459.960938, -58.349609, 1037.597656
397.460938, -80.810547, 545.410156
445.800781, -430.908203, 451.171875
291.503906, -539.794922, 503.906250
-,-,-
-414.794922, -253.662109, -1056.396484
-393.798828, -418.701172, -820.068359
-469.970703, -386.474609, -1049.560547
-459.228516, -217.041016, -1126.708984
-202.392578, -553.955078, -562.255859
-330.810547, -463.623047, -663.818359
-163.818359, -812.255859, 60.546875
-249.755859, -579.345703, -110.595703
-106.689453, -629.638672, 452.148438
-108.642578, -576.416016, 513.671875
-42.724609, -374.755859, 737.304688
-37.841797, -84.716797, 721.191406
27.343750, 53.710938, 877.929688
207.519531, 171.875000, 1083.984375
174.804688, 416.015625, 805.175781
285.644531, 641.113281, 1064.941406
-,-,-
163.085938, 528.808594, 893.554688
165.527344, 293.945312, 1131.835938
164.062500, 515.625000, 1244.140625
215.820312, 429.687500, 1297.363281
235.351562, 547.363281, 1306.640625
269.042969, 493.164062, 1266.601562
379.882812, 538.085938, 1244.628906
391.113281, 491.210938, 1224.609375
213.867188, 211.914062, 946.289062
160.644531, 7.324219, 888.671875
149.902344, -15.380859, 911.132812
117.187500, -87.646484, 755.371094
10.253906, -145.751953, 478.515625
-84.716797, -260.986328, 348.632812
-188.232422, -353.271484, 132.324219
-388.916016, -175.537109, -449.462891
-382.080078, -284.423828, -869.873047
-,-,-
-612.060547, -537.841797, -915.771484
-509.521484, -501.220703, -754.150391
-502.685547, -350.341797, -703.369141
-518.798828, -272.216797, -719.482422
-452.392578, -167.236328, -361.572266
-659.912109, -121.337891, -679.443359
-587.646484, -84.716797, -451.416016
-736.083984, -16.357422, -185.302734
-874.755859, 41.015625, -198.974609
-859.130859, 210.937500, 440.917969
-969.482422, 290.527344, 312.011719
-990.966797, 384.765625, 408.691406
-787.353516, 691.406250, 573.730469
-345.947266, 596.191406, 1334.960938
-614.501953, 816.894531, 910.156250
-301.513672, 434.082031, 1431.152344
-383.544922, 795.898438, 831.542969
-,-,-
252.929688, 552.734375, 1021.484375
709.472656, 235.839844, 1004.394531
732.421875, 63.476562, 1041.992188
937.011719, 195.312500, 1202.148438
876.953125, 21.972656, 419.921875
-,-,-
78.613281, -850.341797, -537.841797
133.300781, -902.099609, -547.119141
121.582031, -833.740234, -581.787109
91.796875, -904.052734, -527.099609
60.546875, -747.314453, -479.248047
203.613281, -735.107422, -61.279297
208.984375, -551.025391, 406.250000
248.046875, -316.650391, 346.679688
236.328125, -389.404297, 560.546875
179.199219, 20.996094, 795.898438
206.054688, 186.523438, 774.414062
303.222656, 333.496094, 1040.527344
388.671875, 401.367188, 1081.054688
373.046875, 413.085938, 1270.507812
387.207031, 305.664062, 1327.148438
271.484375, 172.851562, 1152.343750
404.785156, 196.289062, 1399.902344
-,-,-
168.945312, 78.125000, 1207.031250
152.832031, 261.230469, 1291.992188
247.070312, 68.359375, 1483.398438
353.027344, 262.207031, 1434.570312
315.917969, 199.218750, 1376.464844
310.546875, 170.410156, 1360.351562
233.886719, 95.214844, 1040.527344
203.613281, -45.654297, 1012.207031
159.667969, -6.591797, 1025.390625
204.589844, -96.923828, 798.339844
94.238281, -266.845703, 375.000000
-50.048828, -354.248047, 291.015625
-59.814453, -465.576172, 136.718750
-76.904297, -354.248047, -162.841797
-160.400391, -360.107422, -234.619141
-142.822266, -192.626953, -550.048828
-173.095703, -135.986328, -703.369141
-155.517578, -321.044922, -1003.662109
-444.091797, -830.810547, -1190.673828
-658.447266, -1213.623047, -1177.490234
-,-,-
251.464844, 10.742188, 909.667969
269.531250, -135.498047, 1077.148438
304.199219, -33.935547, 973.632812
597.167969, 183.593750, 1355.468750
659.667969, 223.632812, 1430.664062
677.734375, 618.164062, 1371.582031
700.195312, 684.570312, 1431.640625
551.269531, 448.242188, 1177.734375
459.472656, 328.125000, 873.046875
343.750000, 142.089844, 944.335938
325.195312, 160.156250, 755.371094
-141.845703, -105.224609, -71.533203
-71.533203, -153.076172, 81.054688
-195.068359, -447.998047, 16.601562
-248.779297, -400.146484, -266.357422
-204.833984, -444.091797, -357.177734
-352.783203, -721.923828, -661.865234
-381.103516, -652.099609, -960.205078
-437.255859, -771.728516, -885.498047
-453.369141, -678.466797, -916.748047
-416.259766, -471.435547, -1044.677734
