-,-,-
91.796875, -915.771484, 339.843750
259.765625, -982.666016, 437.011719
916.992188, -856.201172, 591.308594
1121.582031, -649.658203, 389.160156
332.519531, -261.962891, 108.886719
-825.927734, 98.144531, 418.457031
-1962.158203, -167.236328, 486.816406
-1994.384766, -279.052734, 823.242188
-1572.998047, -234.130859, 532.226562
-1097.900391, -135.498047, 567.382812
-159.423828, -283.935547, 272.460938
481.445312, -807.373047, 647.949219
-,-,-
300.781250, -956.787109, 419.921875
599.609375, -900.146484, 474.609375
523.437500, -707.763672, 538.085938
446.289062, -634.521484, 362.792969
-69.091797, -489.013672, 402.343750
-747.314453, -223.388672, 298.828125
-1303.466797, -332.763672, 504.882812
-1624.267578, -334.228516, 719.726562
-1614.501953, -344.482422, 477.539062
-1409.912109, -342.041016, 473.632812
-991.943359, -318.115234, 413.574219
-246.337891, -572.021484, 591.796875
-75.927734, -592.529297, 449.218750
319.335938, -627.197266, 474.609375
480.468750, -806.396484, 666.015625
-,-,-
210.449219, -980.712891, 391.601562
318.359375, -950.927734, 547.363281
470.703125, -837.646484, 571.777344
318.359375, -730.224609, 329.101562
-166.259766, -445.068359, 477.539062
-616.943359, -382.080078, 452.148438
-946.533203, -398.193359, 386.718750
-1246.826172, -425.537109, 585.937500
-1441.162109, -312.255859, 512.695312
-1446.533203, -326.904297, 375.000000
-1140.869141, -246.826172, 293.945312
-570.068359, -273.193359, 512.207031
-157.958984, -530.029297, 318.359375
250.000000, -880.615234, 686.523438
423.339844, -878.662109, 652.832031
481.933594, -847.900391, 668.945312
361.328125, -802.490234, 587.890625
-,-,-
43.945312, -1031.494141, 373.535156
186.523438, -902.099609, 475.097656
469.726562, -849.853516, 578.125000
317.382812, -588.623047, 271.484375
-217.041016, -304.443359, 496.582031
-857.177734, -258.544922, 293.945312
-1162.841797, -238.525391, 244.140625
-1339.599609, -162.841797, 532.226562
-1491.455078, -279.052734, 479.492188
-1420.166016, -279.052734, 334.472656
-1081.298828, -318.115234, 301.757812
-733.642578, -434.326172, 584.960938
-433.349609, -453.369141, 442.871094
20.019531, -626.220703, 592.773438
588.867188, -938.720703, 493.652344
521.972656, -724.853516, 674.316406
-,-,-
349.609375, -1138.427734, 468.261719
302.734375, -611.083984, 606.445312
274.902344, -598.876953, 356.445312
79.589844, -477.294922, 466.308594
-590.087891, -214.599609, 273.437500
-929.931641, -220.458984, 378.906250
-1254.638672, -16.357422, 515.136719
-1385.498047, 17.578125, 427.734375
-1431.884766, 16.601562, 551.757812
-1458.740234, -30.029297, 406.250000
-1222.900391, -231.201172, 604.003906
-1045.166016, -213.134766, 336.425781
-488.525391, -395.263672, 455.078125
-366.455078, -266.357422, 458.984375
223.632812, -913.330078, 836.914062
368.652344, -759.521484, 430.664062
352.050781, -906.005859, 849.609375
161.621094, -748.779297, 582.031250
141.113281, -838.134766, 467.285156
-,-,-
-135.986328, -960.205078, 613.281250
74.218750, -950.927734, 390.136719
57.128906, -904.052734, 510.742188
333.496094, -843.017578, 598.144531
638.671875, -853.271484, 546.875000
363.769531, -410.400391, 559.570312
-212.646484, -114.990234, 465.332031
-774.169922, -190.673828, 345.703125
-1366.455078, -271.728516, 360.839844
-1709.716797, -163.330078, 514.648438
-1849.853516, -204.833984, 543.457031
-1546.142578, -194.091797, 174.804688
-910.400391, -138.427734, 508.300781
-468.505859, -422.607422, 682.617188
237.792969, -414.794922, 179.199219
180.175781, -632.568359, 607.421875
326.171875, -812.744141, 823.242188
-,-,-
-142.333984, -855.224609, 449.707031
-59.814453, -886.962891, 512.695312
27.832031, -893.798828, 656.250000
383.300781, -1089.599609, 580.078125
340.332031, -702.392578, 586.914062
-104.248047, -469.482422, 473.632812
-273.681641, -234.619141, 571.777344
-809.326172, -67.626953, 206.542969
-1394.287109, -123.779297, 357.910156
-1387.451172, -50.537109, 549.804688
-1449.462891, -16.357422, 513.671875
-1449.462891, -125.732422, 347.656250
-1251.708984, -3.173828, 237.792969
-645.751953, -32.958984, 388.183594
-390.869141, -374.755859, 683.593750
-23.681641, -447.998047, 273.437500
191.406250, -981.201172, 646.972656
81.054688, -1017.333984, 759.277344
85.449219, -849.365234, 655.273438
154.785156, -815.673828, 486.328125
-,-,-
-89.111328, -964.111328, 528.320312
-22.216797, -979.248047, 518.066406
45.410156, -918.701172, 490.722656
179.199219, -936.279297, 521.972656
383.789062, -741.455078, 604.003906
11.230469, -455.322266, 586.425781
-142.333984, -18.310547, 456.054688
-799.072266, -282.958984, 424.804688
-1294.189453, -33.935547, 406.250000
-1569.091797, 65.429688, 589.843750
-1578.857422, -52.490234, 754.882812
-1454.345703, -15.380859, 384.765625
-879.638672, 1.953125, 464.355469
-412.841797, -196.533203, 583.007812
-303.466797, -322.998047, 218.750000
104.492188, -871.826172, 585.937500
97.656250, -890.380859, 644.531250
186.523438, -904.052734, 843.750000
74.707031, -816.650391, 645.996094
-,-,-
-171.630859, -869.384766, 558.593750
-73.974609, -954.833984, 589.843750
24.902344, -871.826172, 563.476562
362.304688, -968.017578, 724.609375
363.769531, -751.708984, 638.671875
262.207031, -387.451172, 444.824219
-227.783203, -151.123047, 601.562500
-857.177734, 229.492188, -15.380859
-1335.205078, -86.669922, 372.070312
-1651.123047, -31.005859, 480.468750
-1606.201172, -16.357422, 553.710938
-1480.712891, 45.898438, 203.613281
-1019.775391, 67.382812, 225.585938
-277.099609, -299.560547, 672.363281
-175.048828, -452.880859, 454.101562
45.410156, -838.134766, 819.335938
48.339844, -882.568359, 738.281250
140.625000, -815.185547, 565.429688
135.742188, -748.779297, 499.511719
-,-,-
-34.912109, -886.962891, 459.960938
-122.314453, -994.873047, 544.433594
216.308594, -957.763672, 633.789062
469.726562, -825.439453, 668.945312
396.484375, -699.462891, 558.593750
-77.392578, -70.556641, 557.617188
-780.029297, 107.421875, 218.750000
-1209.716797, 25.878906, 311.035156
-1572.021484, -63.232422, 566.406250
-1556.396484, -55.419922, 300.781250
-1450.927734, 36.132812, 286.621094
-1328.857422, 113.281250, 135.742188
-675.537109, 41.503906, 453.125000
-417.236328, -192.626953, 722.167969
336.425781, -860.595703, 436.035156
113.281250, -892.822266, 786.132812
323.730469, -1030.029297, 644.531250
119.140625, -833.740234, 638.671875
-,-,-
-79.345703, -925.537109, 493.652344
-69.091797, -1046.630859, 634.765625
243.164062, -1072.998047, 637.695312
193.847656, -841.552734, 434.570312
-168.212891, -85.693359, 671.875000
-447.998047, -124.755859, 499.023438
-943.603516, -89.599609, 292.480469
-1369.384766, -177.490234, 426.269531
-1332.763672, 9.765625, 430.664062
-1289.306641, 8.789062, 352.539062
-1232.177734, -60.302734, 254.882812
-1241.455078, -31.982422, 220.703125
-841.064453, -200.927734, 784.667969
-592.529297, -37.841797, 237.792969
-49.072266, -224.365234, 426.757812
166.503906, -1024.169922, 722.167969
252.929688, -1100.830078, 625.488281
372.070312, -906.982422, 752.441406
231.933594, -816.650391, 679.687500
-,-,-
-127.685547, -1008.056641, 581.054688
-67.626953, -819.580078, 416.992188
191.406250, -1011.962891, 604.003906
482.421875, -917.236328, 657.226562
398.925781, -481.689453, 417.968750
150.390625, 11.718750, 519.042969
-726.806641, -3.173828, 321.289062
-1088.623047, -29.541016, 343.750000
-1564.697266, -92.041016, 544.433594
-1697.998047, -28.564453, 415.527344
-1616.455078, -17.333984, 355.957031
-1453.369141, -34.912109, 344.238281
-806.884766, 201.171875, 292.968750
-81.787109, -528.564453, 963.867188
133.300781, -409.423828, 450.683594
223.144531, -688.232422, 726.074219
110.839844, -766.845703, 744.140625
239.746094, -760.986328, 584.960938
-,-,-
-127.197266, -905.029297, 469.238281
-210.693359, -858.154297, 570.800781
11.230469, -997.802734, 533.203125
190.429688, -974.365234, 601.562500
419.433594, -950.439453, 665.039062
321.777344, -316.162109, 612.304688
-126.220703, -173.583984, 590.820312
-665.771484, -3.173828, 287.597656
-1204.345703, -36.865234, 360.839844
-1484.130859, 22.949219, 500.976562
-1710.693359, 136.718750, 454.101562
-1602.294922, -0.732422, 388.183594
-1453.857422, 192.871094, 171.875000
-563.232422, -48.095703, 696.777344
-348.388672, -208.740234, 495.605469
20.507812, -781.005859, 422.363281
24.414062, -877.685547, 666.015625
150.390625, -805.419922, 659.179688
124.023438, -774.658203, 491.699219
-,-,-
-174.560547, -916.748047, 516.113281
-71.533203, -920.654297, 508.789062
303.222656, -980.712891, 581.054688
547.851562, -804.443359, 682.128906
319.335938, -458.251953, 782.226562
-71.533203, 179.687500, 265.136719
-753.173828, 84.472656, 185.058594
-1244.384766, 266.113281, 272.460938
-1931.396484, 202.148438, 515.136719
-1879.150391, 31.250000, 418.945312
-1567.138672, 72.753906, 271.484375
-1003.662109, 96.679688, 482.421875
-517.822266, -90.087891, 729.003906
-121.826172, -260.986328, 322.265625
188.964844, -761.962891, 663.085938
285.644531, -964.599609, 592.285156
226.074219, -807.861328, 594.238281
-,-,-
-137.939453, -809.326172, 590.820312
-191.650391, -870.849609, 612.304688
-126.220703, -896.240234, 565.429688
152.343750, -924.560547, 685.546875
560.058594, -987.060547, 759.277344
313.476562, -636.474609, 655.761719
-126.220703, -124.755859, 430.664062
-565.185547, -159.912109, 615.234375
-1513.427734, 32.226562, 318.359375
-1999.755859, -155.029297, 33.203125
-1985.107422, 135.742188, 88.867188
-967.041016, 290.527344, -42.724609
258.789062, -437.744141, 821.289062
-,-,-
-181.396484, -864.501953, 639.648438
-71.533203, -947.998047, 555.664062
168.945312, -890.380859, 634.765625
489.257812, -872.314453, 765.625000
246.582031, -466.552734, 588.867188
-229.248047, -193.603516, 578.613281
-507.568359, 298.828125, 250.976562
-1484.619141, -38.818359, 171.875000
-1943.115234, -100.341797, 397.460938
-1925.048828, -37.841797, 513.671875
-1667.724609, 317.382812, 15.625000
-656.005859, 45.410156, 411.621094
-377.685547, -584.716797, 958.496094
238.769531, -418.212891, 378.906250
269.531250, -824.951172, 760.742188
-,-,-
-97.412109, -767.822266, 501.953125
-119.873047, -899.169922, 687.500000
68.359375, -859.619141, 456.542969
83.496094, -980.712891, 653.320312
226.074219, -874.755859, 671.386719
19.042969, -467.529297, 590.820312
-134.033203, -141.845703, 460.449219
-527.099609, -53.955078, 380.859375
-1245.361328, 20.019531, 99.609375
-1771.728516, 60.546875, 380.859375
-1789.794922, -72.509766, 467.285156
-1599.853516, 133.789062, 159.667969
-1136.474609, 81.054688, 215.332031
-611.083984, -252.685547, 442.871094
-205.810547, -292.724609, 485.351562
69.335938, -208.740234, 767.578125
55.664062, -853.759766, 716.796875
-26.123047, -804.443359, 801.269531
-,-,-
-111.572266, -850.341797, 563.476562
-127.685547, -864.501953, 548.828125
-118.896484, -829.833984, 553.710938
-90.576172, -924.560547, 577.148438
162.597656, -961.181641, 617.187500
312.500000, -909.912109, 637.695312
243.652344, -757.568359, 557.617188
67.382812, -266.357422, 443.847656
-371.826172, -181.396484, 663.085938
-800.537109, -149.169922, 458.007812
-1376.708984, -105.224609, 161.621094
-1809.326172, -107.177734, 641.601562
-1746.826172, -92.529297, 611.328125
-1467.041016, 179.687500, 246.093750
-781.982422, -28.564453, 470.214844
-233.154297, -231.201172, 533.203125
435.058594, -687.255859, 270.507812
188.476562, -977.783203, 811.523438
171.875000, -878.662109, 717.773438
-,-,-
-123.779297, -806.396484, 426.757812
-178.955078, -940.185547, 577.148438
-70.556641, -802.490234, 496.093750
431.152344, -801.025391, 546.386719
649.902344, -862.548828, 776.855469
148.925781, -10.498047, 513.671875
-515.380859, 123.535156, 408.203125
-1189.208984, -155.029297, 362.792969
-1741.455078, -104.248047, 391.113281
-1999.755859, -101.318359, 579.101562
-1883.544922, 107.421875, 271.484375
-1401.611328, 134.277344, 167.968750
-236.083984, 14.648438, 779.785156
534.179688, -367.431641, 815.429688
243.652344, -637.451172, 808.105469
129.394531, -743.896484, 534.667969
-18.798828, -585.693359, 468.261719
-224.365234, -771.240234, 350.585938
-,-,-
-204.345703, -909.423828, 419.433594
-97.412109, -885.009766, 321.289062
-12.939453, -838.134766, 617.187500
-32.958984, -848.388672, 663.085938
3.906250, -852.294922, 613.281250
87.890625, -718.505859, 331.054688
-163.330078, -585.693359, 437.011719
-393.798828, -344.482422, 317.382812
-701.904297, -351.318359, 400.390625
-1018.798828, -298.583984, 454.101562
-1365.478516, -275.146484, 497.070312
-1709.716797, -242.431641, 498.535156
-1331.298828, -112.060547, 345.703125
-1289.306641, -477.783203, 537.109375
-488.525391, -177.490234, 351.562500
-166.259766, -560.302734, 489.746094
250.488281, -659.912109, 298.828125
144.042969, -855.224609, 642.578125
208.007812, -864.013672, 458.984375
33.203125, -898.193359, 432.617188
-,-,-
-127.685547, -892.333984, 488.769531
-217.041016, -855.224609, 498.535156
-97.900391, -1061.279297, 483.398438
134.277344, -933.349609, 490.722656
205.566406, -619.384766, 528.320312
-46.630859, -290.283203, 495.605469
-407.470703, 250.976562, 263.671875
-1097.900391, -112.548828, 334.472656
-1505.126953, 91.308594, 465.332031
-1531.005859, 245.117188, 402.343750
-1510.498047, 257.812500, 616.210938
-1392.333984, 125.976562, 287.597656
-1061.767578, -262.939453, 614.257812
-852.783203, -183.349609, 429.687500
-329.345703, -327.392578, 220.703125
-239.990234, -570.068359, 557.617188
111.328125, -867.431641, 592.773438
89.843750, -905.029297, 550.781250
-,-,-
-104.248047, -842.041016, 544.433594
-191.650391, -874.755859, 542.480469
104.980469, -795.166016, 476.562500
481.445312, -934.326172, 680.175781
238.769531, -547.607422, 453.125000
35.156250, -205.810547, 571.777344
-546.630859, -165.771484, 343.261719
-1177.001953, -28.076172, 155.761719
-1677.978516, -107.177734, 520.019531
-1561.767578, -146.240234, 516.601562
-1491.455078, -151.123047, 389.160156
-1379.638672, -128.662109, 278.320312
-830.810547, -178.466797, 479.492188
-233.642578, -503.662109, 815.429688
47.851562, -565.185547, 519.042969
81.542969, -866.455078, 845.703125
51.757812, -630.126953, 592.285156
102.050781, -735.107422, 510.253906
-182.373047, -825.439453, 502.929688
-,-,-
-144.287109, -770.263672, 599.609375
-186.279297, -927.490234, 640.625000
-192.626953, -898.193359, 579.101562
-27.099609, -876.708984, 555.664062
204.101562, -870.849609, 574.218750
266.601562, -762.451172, 749.511719
162.109375, -278.076172, 728.515625
-319.091797, 49.804688, 270.507812
-1013.916016, 31.250000, 252.929688
-1521.728516, -133.544922, 235.839844
-1749.755859, -160.888672, 299.804688
-1713.134766, -112.060547, 532.226562
-1532.958984, -78.857422, 90.820312
-971.435547, -140.380859, 308.105469
-633.544922, -370.849609, 670.410156
40.039062, -160.400391, 179.199219
111.328125, -694.580078, 685.546875
19.531250, -739.990234, 793.945312
55.664062, -639.404297, 737.304688
-42.236328, -786.865234, 626.464844
-,-,-
-221.923828, -897.216797, 627.441406
-329.345703, -792.236328, 432.617188
-89.111328, -897.705078, 646.972656
42.480469, -909.423828, 596.191406
95.214844, -769.775391, 648.925781
84.960938, -401.123047, 443.847656
-250.244141, -262.451172, 629.394531
-651.611328, -43.212891, 142.578125
-1339.599609, 1.464844, 195.312500
-1643.798828, -129.638672, 430.664062
-1750.732422, -121.826172, 590.820312
-1595.458984, 16.601562, 74.707031
-977.783203, 110.351562, 89.843750
-474.365234, -535.400391, 1024.414062
-43.701172, -464.111328, 570.800781
83.007812, -618.408203, 508.300781
-98.876953, -784.912109, 744.140625
35.644531, -774.169922, 619.140625
-,-,-
-223.876953, -807.373047, 552.734375
-246.337891, -843.017578, 578.613281
-215.087891, -802.490234, 579.101562
-111.083984, -848.388672, 640.625000
120.117188, -849.365234, 673.339844
321.289062, -757.568359, 557.617188
80.566406, -226.318359, 516.113281
-225.830078, -197.509766, 526.367188
-501.220703, -223.388672, 476.562500
-1098.876953, -160.400391, 552.734375
-1549.072266, -182.373047, 422.851562
-1751.220703, 58.593750, 420.410156
-1620.849609, 98.632812, 489.257812
-1296.630859, 83.007812, 208.496094
-880.615234, -157.958984, 613.281250
-565.673828, -397.216797, 790.039062
-79.833984, -415.283203, 379.882812
47.363281, -598.876953, 706.542969
-15.380859, -694.091797, 848.632812
-28.564453, -734.130859, 680.664062
-,-,-
-197.509766, -773.193359, 469.238281
-183.349609, -804.443359, 528.320312
-100.341797, -872.802734, 534.179688
130.371094, -877.685547, 594.726562
550.781250, -811.279297, 539.062500
351.562500, -343.994141, 506.835938
-108.642578, 98.144531, 418.457031
-541.748047, 228.515625, 498.046875
-1484.619141, -107.177734, 277.832031
-1718.994141, 96.191406, 582.031250
-1857.666016, 139.648438, 697.753906
-1636.474609, 136.718750, 401.367188
-1306.884766, 152.343750, 174.804688
-742.919922, -156.982422, 839.843750
-224.853516, -292.236328, 564.941406
-159.912109, -495.849609, 305.664062
126.464844, -631.591797, 732.910156
85.937500, -730.224609, 691.406250
100.097656, -819.091797, 671.386719
-,-,-
-192.138672, -882.568359, 520.996094
-80.810547, -912.353516, 414.550781
-73.486328, -907.958984, 457.031250
113.281250, -900.146484, 564.453125
58.593750, -854.248047, 519.042969
-8.056641, -679.443359, 543.457031
-363.525391, -342.529297, 627.441406
-503.173828, -218.994141, 393.554688
-838.623047, -124.755859, 444.824219
-1377.197266, -158.935547, 379.882812
-1486.572266, -145.751953, 423.339844
-1542.724609, -116.943359, 371.093750
-1382.568359, -71.533203, 303.710938
-1057.373047, -115.478516, 334.472656
-519.287109, -388.427734, 592.773438
-293.212891, -559.326172, 534.179688
-151.123047, -506.591797, 353.515625
-104.248047, -862.060547, 457.031250
-,-,-
-204.833984, -856.201172, 461.914062
-215.576172, -902.099609, 423.828125
-165.771484, -887.451172, 447.265625
-132.568359, -915.283203, 441.894531
-163.818359, -848.388672, 469.238281
-68.603516, -536.865234, 514.160156
-313.232422, -409.423828, 549.316406
-365.478516, -2.197266, 457.031250
-843.505859, -124.755859, 428.710938
-1306.396484, -8.544922, 288.085938
-1444.580078, -89.599609, 578.125000
-1429.443359, 36.132812, 431.640625
-1316.162109, 83.007812, 291.992188
-1204.345703, 4.882812, 207.519531
-728.759766, -70.068359, 437.988281
-514.404297, -332.763672, 731.445312
-397.216797, -517.333984, 359.375000
-456.787109, -548.095703, 454.101562
-170.654297, -751.708984, 560.546875
-184.326172, -893.310547, 612.304688
-,-,-
-283.935547, -895.263672, 441.894531
-239.501953, -876.708984, 463.867188
-140.380859, -905.029297, 528.320312
-70.556641, -915.771484, 517.089844
-121.826172, -802.490234, 521.972656
-127.197266, -550.537109, 570.800781
-376.708984, -340.087891, 589.843750
-538.818359, -124.755859, 504.882812
-1039.306641, 4.394531, 238.281250
-1282.470703, 4.882812, 292.968750
-1477.294922, 172.363281, 466.308594
-1560.302734, 89.843750, 392.578125
-1393.310547, 178.710938, 171.875000
-1162.841797, 202.148438, 171.875000
-823.486328, -27.099609, 594.726562
-515.380859, -375.732422, 780.761719
-240.478516, -439.208984, 353.515625
-414.794922, -537.841797, 479.492188
-236.083984, -783.935547, 560.546875
-42.724609, -881.591797, 500.976562
-,-,-
-261.474609, -826.904297, 464.843750
-271.240234, -877.685547, 500.976562
-219.970703, -851.318359, 497.558594
-146.240234, -931.396484, 538.085938
-143.798828, -843.994141, 550.292969
11.230469, -736.083984, 558.593750
-93.994141, -557.373047, 583.007812
-247.802734, -81.787109, 459.960938
-641.845703, -12.451172, 451.171875
-1036.865234, 97.656250, 354.492188
-1409.912109, 63.476562, 333.007812
-1628.662109, 91.796875, 388.183594
-1489.501953, 92.773438, 331.054688
-1343.505859, 102.539062, 257.324219
-966.064453, 130.859375, 150.390625
-641.357422, -405.517578, 868.164062
-170.654297, -423.583984, 303.222656
-231.689453, -609.130859, 509.765625
-,-,-
-394.775391, -889.892578, 590.820312
-199.951172, -866.455078, 349.609375
-116.943359, -879.638672, 396.484375
-28.076172, -923.583984, 485.351562
-10.986328, -844.970703, 618.164062
-128.662109, -581.787109, 590.820312
-278.076172, -314.697266, 566.894531
-491.943359, -215.087891, 544.433594
-781.494141, -87.646484, 396.484375
-1232.666016, 23.437500, 269.531250
-1508.544922, 3.906250, 339.843750
-1554.443359, 106.445312, 280.761719
-1393.310547, 159.179688, 245.117188
-1219.970703, -3.662109, 329.101562
-921.630859, -163.818359, 527.343750
-471.923828, -243.896484, 315.429688
-345.947266, -495.849609, 573.730469
-318.115234, -672.119141, 616.210938
-,-,-
-254.150391, -843.505859, 405.273438
-258.544922, -878.662109, 455.078125
-199.951172, -904.052734, 471.679688
-4.150391, -951.904297, 482.421875
46.386719, -875.732422, 576.171875
158.203125, -821.044922, 475.585938
-125.244141, -320.556641, 498.535156
-622.802734, -108.154297, 593.261719
-783.935547, -93.994141, 431.640625
-949.462891, 34.179688, 551.757812
-1414.306641, -18.310547, 594.726562
-1381.591797, 37.109375, 461.914062
-1446.533203, 138.671875, 326.171875
-1296.142578, 75.195312, 296.875000
-1099.365234, -61.279297, 521.484375
-774.658203, -290.283203, 713.867188
-238.037109, -246.337891, 251.953125
-173.583984, -670.166016, 560.546875
-170.654297, -828.857422, 660.156250
-,-,-
-338.134766, -905.029297, 472.656250
-230.224609, -846.435547, 343.261719
-312.255859, -939.697266, 379.882812
-179.931641, -960.693359, 385.253906
-22.705078, -1095.458984, 460.937500
89.355469, -825.927734, 510.742188
27.343750, -691.162109, 391.113281
-249.267578, -33.935547, 381.347656
-813.720703, 61.523438, 588.867188
-1070.068359, 73.730469, 479.492188
-1364.990234, 147.460938, 559.570312
-1457.763672, 256.835938, 491.210938
-1458.251953, 261.230469, 471.191406
-1239.013672, 276.367188, 252.929688
-1146.728516, -97.412109, 617.675781
-723.876953, -108.154297, 463.867188
-369.384766, -233.154297, 360.351562
-334.228516, -587.646484, 531.250000
-235.107422, -807.373047, 686.523438
-0.244141, -851.318359, 567.382812
-,-,-
-228.271484, -809.326172, 453.125000
-228.759766, -826.904297, 496.582031
-239.501953, -829.833984, 538.574219
-126.708984, -822.998047, 418.945312
-204.345703, -862.548828, 551.757812
-162.353516, -824.951172, 512.695312
-56.396484, -840.087891, 533.203125
110.351562, -822.998047, 590.820312
145.996094, -643.310547, 532.226562
-153.076172, -363.525391, 681.640625
-397.216797, -210.693359, 619.628906
-639.404297, -149.658203, 598.144531
-1061.767578, -67.138672, 661.132812
-1365.478516, -132.568359, 586.914062
-1504.638672, 23.437500, 453.125000
-1427.001953, -9.521484, 504.882812
-1223.876953, 6.835938, 444.824219
-809.814453, -167.236328, 383.789062
-703.369141, -470.458984, 791.015625
-195.556641, -455.322266, 384.277344
-199.951172, -747.314453, 457.031250
-168.701172, -933.349609, 670.898438
70.800781, -910.888672, 397.460938
-72.021484, -933.349609, 440.917969
-,-,-
-202.392578, -892.333984, 408.203125
-139.404297, -931.396484, 423.828125
-23.193359, -918.701172, 306.640625
-59.814453, -931.396484, 424.804688
-41.259766, -899.169922, 424.804688
-40.283203, -843.994141, 467.285156
-29.541016, -798.095703, 558.593750
-130.126953, -396.240234, 535.156250
-410.400391, -38.818359, 458.007812
-804.931641, -106.201172, 687.500000
-1144.775391, 125.000000, 598.144531
-1411.865234, 195.312500, 560.546875
-1462.158203, 231.445312, 576.171875
-1342.041016, 92.773438, 633.789062
-1061.767578, -24.658203, 492.675781
-769.287109, -133.544922, 265.625000
-537.353516, -239.501953, 260.253906
-404.052734, -527.587891, 528.320312
-220.458984, -788.330078, 470.214844
-,-,-
-261.474609, -858.154297, 506.835938
-194.091797, -872.802734, 479.492188
-147.705078, -888.916016, 440.917969
-122.314453, -897.216797, 437.011719
-38.818359, -926.513672, 446.289062
11.230469, -906.005859, 466.308594
-38.818359, -858.154297, 587.890625
29.785156, -668.701172, 419.921875
-116.943359, -399.169922, 646.972656
-361.083984, -230.224609, 635.742188
-468.994141, 41.015625, 607.421875
-1138.916016, 118.164062, 557.617188
-1303.466797, 156.250000, 696.289062
-1388.427734, 188.476562, 680.664062
-1286.376953, 114.257812, 558.593750
-1179.931641, 101.074219, 331.054688
-894.287109, 49.804688, 422.851562
-445.068359, -204.833984, 622.558594
-252.197266, -583.251953, 820.800781
0.000000, -718.505859, 473.144531
-184.814453, -766.845703, 620.605469
-,-,-
-101.318359, -842.529297, 601.074219
-53.955078, -805.419922, 532.226562
-47.119141, -899.169922, 594.726562
20.019531, -927.490234, 556.640625
95.703125, -952.880859, 661.132812
26.367188, -874.755859, 636.718750
27.343750, -589.599609, 535.156250
-248.779297, -381.591797, 541.992188
-301.513672, -194.091797, 525.390625
-786.376953, -198.974609, 584.960938
-1222.900391, -12.451172, 497.070312
-1422.607422, -20.263672, 522.949219
-1477.294922, 8.789062, 397.460938
-1399.169922, -29.052734, 456.054688
-1044.189453, 59.570312, 419.433594
-607.177734, -137.939453, 481.445312
-202.392578, -586.669922, 913.574219
-119.384766, -711.669922, 598.144531
-125.244141, -776.123047, 400.390625
-,-,-
-260.498047, -801.513672, 537.109375
-268.798828, -865.478516, 561.523438
-220.458984, -825.927734, 455.078125
-102.783203, -872.802734, 497.070312
-49.560547, -901.123047, 563.476562
-61.767578, -830.810547, 547.851562
-88.134766, -709.716797, 645.996094
-169.189453, -547.607422, 529.296875
-249.755859, -282.958984, 616.210938
-329.345703, -139.404297, 567.871094
-915.771484, 12.695312, 608.398438
-1208.740234, 71.777344, 559.570312
-1428.955078, 135.742188, 617.187500
-1491.943359, 255.859375, 482.421875
-1343.017578, 183.593750, 505.859375
-1114.013672, 141.601562, 367.675781
-665.771484, -90.576172, 330.078125
-376.708984, -360.595703, 642.578125
-267.333984, -621.337891, 721.679688
-111.083984, -765.380859, 561.523438
-181.396484, -833.740234, 542.480469
-,-,-
-301.513672, -902.099609, 533.203125
-276.611328, -898.193359, 434.570312
-220.947266, -895.263672, 428.710938
-172.119141, -925.537109, 461.914062
-101.806641, -882.568359, 468.261719
-78.369141, -834.716797, 542.480469
-268.798828, -370.849609, 417.480469
-425.537109, -282.958984, 448.242188
-654.541016, -205.810547, 635.742188
-977.294922, 96.191406, 427.734375
-1278.564453, 183.593750, 635.742188
-1363.037109, 287.109375, 663.085938
-1286.376953, 189.453125, 523.437500
-1214.111328, 31.250000, 537.109375
-1051.025391, 68.359375, 246.093750
-740.478516, -189.208984, 305.664062
-335.205078, -544.677734, 555.664062
-435.302734, -591.552734, 751.464844
-304.443359, -679.443359, 649.902344
-,-,-
-135.498047, -903.076172, 310.058594
-211.181641, -1028.564453, 480.468750
-162.841797, -1031.494141, 148.925781
42.968750, -938.720703, 333.007812
158.203125, -1031.494141, 410.156250
-32.958984, -824.951172, 265.625000
-127.685547, -393.310547, 353.515625
-434.326172, -391.357422, 253.417969
-744.873047, -41.748047, 370.117188
-1061.767578, -10.498047, 403.320312
-1544.189453, 295.898438, 229.492188
-1694.091797, 135.742188, 495.117188
-1561.279297, 35.156250, 495.605469
-1358.154297, 4.882812, 445.800781
-863.037109, -128.662109, 212.890625
-435.302734, -380.615234, 525.390625
69.824219, -525.634766, 432.617188
140.625000, -905.029297, 474.609375
16.601562, -1119.873047, 516.601562
-,-,-
-215.576172, -910.888672, 187.500000
-351.318359, -903.076172, 303.710938
-247.802734, -933.349609, 252.929688
-130.126953, -995.849609, 251.953125
-31.982422, -1035.888672, 375.976562
12.207031, -816.650391, 467.285156
85.937500, -967.041016, 485.351562
-49.560547, -409.423828, 416.503906
-368.896484, -251.708984, 206.542969
-1028.076172, 28.808594, 248.046875
-1510.986328, 458.007812, 87.890625
-1578.369141, 329.101562, 336.425781
-1643.310547, 285.644531, 423.828125
-1570.556641, 411.132812, 124.511719
-1340.576172, 424.804688, 259.277344
-771.728516, -104.248047, 700.683594
-156.005859, -76.416016, 13.671875
-69.091797, -870.361328, 863.281250
127.929688, -697.509766, 391.113281
-,-,-
-53.955078, -915.771484, 363.769531
-74.951172, -935.791016, 366.699219
-63.720703, -1012.451172, 419.921875
224.609375, -1095.458984, 358.398438
347.656250, -1115.966797, 485.351562
286.621094, -859.130859, 277.343750
-25.634766, -788.330078, 183.105469
-279.541016, -414.794922, 302.734375
-712.646484, -285.400391, 396.484375
-1352.294922, -292.724609, 777.832031
-1150.634766, -127.685547, 304.687500
-1049.072266, -136.474609, 59.570312
-1121.826172, -272.216797, 304.687500
-1136.474609, -206.787109, 187.011719
-906.005859, -197.021484, -2.685547
-741.455078, -345.458984, 707.031250
-214.599609, -431.884766, 496.582031
182.128906, -840.576172, 198.242188
39.062500, -972.412109, 560.546875
-94.482422, -1099.365234, 748.046875
-,-,-
-316.650391, -917.724609, 326.171875
-235.107422, -942.138672, 310.058594
-248.779297, -947.021484, 362.792969
-123.291016, -945.068359, 292.968750
0.488281, -1042.724609, 304.687500
46.386719, -1078.857422, 389.160156
62.500000, -980.712891, 446.289062
-192.138672, -735.107422, 288.574219
-568.603516, -185.302734, 596.191406
-845.947266, -37.841797, 583.984375
-1032.958984, 108.398438, 520.996094
-1180.419922, 174.804688, 518.066406
-1255.126953, 214.355469, 576.171875
-1169.189453, 180.664062, 355.468750
-1132.080078, 68.359375, 379.882812
-888.427734, 56.640625, 256.347656
-267.822266, -447.509766, 98.144531
-287.841797, -757.568359, 281.738281
-88.134766, -854.248047, 375.976562
-,-,-
-265.869141, -886.962891, 318.359375
-218.505859, -915.771484, 355.468750
-206.298828, -902.099609, 317.382812
-89.111328, -987.060547, 360.839844
58.105469, -1138.427734, 437.500000
-69.091797, -1019.287109, 634.765625
-253.173828, -729.248047, 709.960938
-444.091797, -252.685547, 143.554688
-725.341797, -205.810547, 514.160156
-1080.322266, -9.521484, 437.011719
-1223.388672, 150.390625, 372.070312
-1312.744141, 224.609375, 458.984375
-1204.833984, 265.136719, 342.773438
-1172.607422, 157.226562, 317.382812
-932.861328, -0.732422, 276.367188
-487.060547, -123.779297, 195.312500
-274.169922, -538.330078, 126.464844
-262.939453, -883.056641, 424.804688
-,-,-
-69.091797, -963.134766, 403.320312
-10.009766, -906.005859, 281.250000
-46.142578, -993.896484, 417.968750
114.257812, -1038.818359, 449.218750
355.957031, -1142.333984, 540.039062
406.738281, -910.888672, 545.410156
264.648438, -361.572266, 203.125000
-401.123047, -238.525391, 289.062500
-771.728516, 9.765625, 215.820312
-1416.748047, -118.896484, 314.453125
-1610.595703, -197.021484, 213.867188
-1620.361328, -129.638672, 212.402344
-1551.025391, -86.669922, 272.460938
-1343.505859, -44.189453, 262.695312
-1013.427734, -186.279297, 287.597656
-277.099609, -252.685547, 245.117188
230.468750, -738.037109, 88.867188
214.843750, -864.013672, 216.796875
-,-,-
-5.126953, -970.458984, 224.609375
141.113281, -1023.193359, 172.851562
147.949219, -1055.908203, 241.210938
213.378906, -970.458984, 268.554688
484.863281, -986.083984, 303.710938
1012.695312, -864.501953, 191.406250
1160.156250, -691.162109, 251.953125
167.480469, 53.710938, -145.263672
-780.517578, -24.658203, 114.257812
-1999.267578, -217.529297, 806.152344
-1709.716797, -316.162109, 495.605469
-1633.544922, -472.412109, 606.445312
-1545.166016, -489.990234, 531.250000
-1352.294922, -340.087891, 271.484375
-951.904297, -173.583984, 25.878906
632.812500, -287.353516, -46.142578
918.457031, -882.568359, -88.623047
-,-,-
-85.693359, -992.919922, 196.289062
-20.751953, -982.177734, 48.339844
-8.544922, -1065.673828, 192.382812
83.984375, -1048.583984, 200.195312
133.300781, -916.748047, 224.609375
588.867188, -1058.837891, 179.199219
68.847656, -699.951172, 305.175781
-374.755859, -394.287109, -85.205078
-793.701172, -311.279297, 248.046875
-1090.576172, -400.146484, 458.007812
-1382.568359, -210.693359, 321.289062
-1648.681641, -111.083984, 437.011719
-1620.849609, -300.537109, 410.156250
-1461.181641, -235.595703, 269.531250
-1023.193359, -369.873047, 239.746094
-578.369141, -629.638672, 519.042969
-166.259766, -619.873047, 278.320312
152.832031, -646.240234, 218.750000
-,-,-
-212.158203, -943.603516, 312.011719
-74.462891, -986.572266, 167.968750
-78.857422, -986.572266, 293.945312
146.484375, -1014.404297, 270.507812
264.160156, -910.888672, 358.886719
-2.685547, -655.517578, 209.960938
-232.666016, -681.396484, 239.257812
-573.486328, -322.998047, 24.902344
-1019.775391, -304.443359, 104.980469
-1493.408203, -154.052734, 157.226562
-1652.587891, -215.576172, 162.109375
-1609.130859, -225.341797, 193.359375
-1317.138672, -400.146484, 70.312500
-987.548828, -409.912109, 4.882812
-692.138672, -468.505859, 234.863281
-125.732422, -664.794922, 311.035156
239.746094, -741.943359, 63.476562
167.480469, -852.294922, 287.597656
-,-,-
-142.333984, -992.919922, 188.476562
-168.701172, -991.943359, 282.714844
-114.990234, -1009.521484, 178.222656
-29.541016, -965.576172, 247.070312
240.722656, -906.005859, 214.355469
676.757812, -825.927734, 295.898438
227.539062, -614.013672, 289.062500
-361.083984, -257.568359, 252.441406
-852.294922, -354.248047, 373.046875
-1169.189453, -219.482422, 267.089844
-1613.525391, -261.962891, 308.105469
-1691.162109, -241.943359, 255.371094
-1653.564453, -383.056641, 330.078125
-1298.583984, -218.505859, 137.695312
-809.814453, -448.974609, 164.062500
-461.669922, -572.998047, 309.082031
-,-,-
-114.501953, -955.322266, 293.945312
7.812500, -956.787109, 309.082031
-18.798828, -842.041016, 222.656250
22.460938, -773.193359, 189.941406
-175.048828, -692.138672, 265.625000
-355.224609, -449.462891, 191.406250
-587.158203, -563.232422, 309.082031
-992.919922, -256.103516, 481.445312
-1312.744141, -209.716797, 501.953125
-1405.029297, -142.333984, 453.125000
-1486.572266, -8.544922, 331.054688
-1412.841797, -47.119141, 275.390625
-1299.560547, -180.419922, 414.550781
-906.494141, -277.099609, 68.847656
-665.771484, -408.447266, 70.312500
-597.900391, -614.013672, 383.789062
-146.728516, -682.373047, 183.105469
33.203125, -797.607422, 299.804688
-,-,-
-139.404297, -1015.380859, 233.886719
-47.607422, -968.505859, 66.406250
-59.814453, -968.505859, 110.351562
-57.373047, -1023.193359, 185.546875
7.812500, -968.505859, 178.222656
12.207031, -958.251953, 203.125000
51.757812, -822.998047, 296.875000
-33.935547, -600.830078, 339.843750
-301.513672, -462.158203, 347.656250
-454.833984, -408.447266, 298.828125
-889.892578, -495.849609, 519.042969
-1379.150391, -236.083984, 327.148438
-1588.134766, -307.373047, 380.859375
-1563.720703, -244.384766, 346.679688
-1228.759766, -402.099609, 551.269531
-755.615234, -468.505859, 295.898438
-489.501953, -217.041016, -81.298828
-455.322266, -588.623047, 209.960938
-156.494141, -929.443359, 285.644531
164.550781, -865.478516, 187.500000
-,-,-
-49.072266, -988.037109, 276.367188
-18.798828, -1034.912109, 255.859375
100.585938, -968.505859, 159.179688
291.992188, -900.146484, 159.179688
299.316406, -828.857422, 270.507812
40.039062, -527.587891, 291.992188
-166.259766, -386.962891, 244.140625
-568.115234, -479.248047, 501.464844
-1195.556641, -223.388672, 536.132812
-1725.830078, -68.115234, 590.332031
-1795.654297, -181.396484, 558.593750
-1410.888672, -445.068359, 631.835938
-935.302734, -375.732422, 430.664062
-516.357422, -209.716797, 139.648438
-157.958984, -721.923828, 214.843750
-,-,-
-154.541016, -1028.564453, 289.062500
-127.197266, -917.724609, 84.960938
-96.923828, -987.060547, 202.148438
100.097656, -921.630859, 127.441406
178.710938, -895.263672, 255.859375
171.386719, -648.193359, 255.859375
-20.263672, -652.099609, 384.277344
-384.521484, -280.029297, 361.328125
-931.884766, -453.857422, 624.511719
-1201.416016, -430.908203, 687.500000
-1598.388672, -267.822266, 735.351562
-1572.998047, -447.998047, 808.105469
-1099.853516, -507.080078, 550.781250
-789.306641, -416.748047, 300.781250
-642.333984, -593.994141, 533.203125
215.332031, -606.689453, 8.789062
136.718750, -728.271484, 424.804688
-,-,-
-294.677734, -976.318359, 127.441406
-302.490234, -980.224609, 136.718750
-293.212891, -971.435547, 128.417969
-245.361328, -1009.033203, 157.226562
-156.005859, -961.181641, 124.511719
7.812500, -655.517578, 201.171875
-29.541016, -932.861328, 332.031250
-88.623047, -673.095703, 70.312500
-576.904297, -363.525391, 275.390625
-729.248047, -435.302734, 384.277344
-1218.994141, -143.798828, 663.085938
-1534.423828, -127.685547, 685.546875
-1394.287109, -277.099609, 743.164062
-1410.888672, -101.318359, 330.078125
-590.087891, -367.919922, 347.656250
-,-,-
-261.474609, -926.513672, 146.484375
-183.349609, -990.966797, 164.062500
-136.962891, -1018.310547, 225.585938
198.730469, -868.896484, 142.578125
75.683594, -687.255859, 335.449219
-71.533203, -760.498047, 200.195312
-614.501953, -263.916016, 296.875000
-1047.607422, -257.568359, 249.023438
-1570.556641, -94.482422, 252.929688
-1782.958984, 74.218750, 563.476562
-1569.091797, -85.693359, 541.015625
-1262.451172, -181.396484, 267.578125
-865.478516, -297.119141, 294.921875
-295.654297, -354.248047, 369.628906
-36.376953, -471.435547, 491.210938
145.019531, -924.560547, 398.437500
-,-,-
-164.794922, -910.888672, 468.261719
-183.349609, -932.373047, 343.750000
-35.400391, -951.904297, 406.250000
311.523438, -710.693359, 339.843750
-72.998047, -394.287109, 586.914062
-288.818359, -603.271484, 264.648438
-549.072266, -484.130859, 313.964844
-1397.705078, -287.841797, 479.492188
-1757.568359, -98.876953, 386.718750
-1680.419922, -96.923828, 297.851562
-1363.037109, -341.552734, 606.445312
-947.998047, -237.060547, 132.812500
-452.392578, -268.798828, 266.113281
-224.853516, -821.533203, 513.671875
190.917969, -650.634766, 366.210938
179.687500, -702.392578, 432.617188
-,-,-
82.519531, -987.548828, 72.265625
-56.396484, -1052.001953, 147.460938
-31.005859, -1084.716797, 61.523438
128.906250, -1089.599609, 157.714844
238.281250, -1194.580078, 240.722656
343.750000, -771.728516, 159.179688
-126.220703, -334.228516, 153.808594
-564.208984, 360.839844, -26.611328
-1364.990234, 240.234375, -58.349609
-1999.755859, 101.562500, 220.703125
-1999.755859, -104.248047, 76.660156
-1356.689453, 96.191406, -130.126953
-1178.466797, 256.835938, -183.837891
-259.521484, -157.958984, 473.632812
495.605469, -532.470703, 47.363281
-,-,-
-328.857422, -971.435547, 161.132812
-199.951172, -1028.076172, 198.242188
-185.791016, -1018.310547, 203.613281
-154.541016, -1033.935547, 171.875000
-74.462891, -1104.736328, 222.656250
262.695312, -1168.701172, 151.367188
602.539062, -1021.240234, 132.324219
146.484375, -77.392578, -253.662109
-900.146484, 612.304688, -62.255859
-1848.388672, 175.292969, 663.085938
-1999.755859, 239.746094, -7.080078
-1520.751953, -261.962891, 41.503906
-1284.912109, 229.492188, -116.943359
-465.087891, 234.863281, -200.927734
-217.041016, -438.720703, 288.574219
58.105469, -672.119141, 123.046875
209.960938, -1102.783203, 255.371094
-,-,-
-225.341797, -988.037109, 162.109375
-105.712891, -1014.404297, 129.394531
77.636719, -1073.974609, 156.250000
125.488281, -1083.740234, 22.949219
65.429688, -1015.380859, 85.937500
-317.138672, -839.111328, 32.226562
-573.974609, -279.541016, 67.382812
-1023.193359, 395.507812, 86.914062
-1535.400391, 291.015625, 227.539062
-1576.904297, 201.171875, 191.406250
-1471.435547, 190.917969, 116.210938
-1071.533203, 406.738281, -88.623047
-603.759766, 14.648438, -201.904297
-539.794922, -199.951172, 162.109375
-137.939453, -570.068359, 121.582031
143.066406, -981.689453, 258.300781
-,-,-
-111.083984, -989.013672, 123.046875
-127.197266, -991.943359, 184.082031
11.230469, -1029.052734, 107.421875
106.933594, -1060.302734, 115.234375
314.941406, -1215.576172, 155.761719
588.867188, -1066.162109, 54.199219
81.054688, -442.138672, 82.031250
-351.806641, -228.271484, -55.419922
-902.587891, 138.183594, -155.517578
-1419.677734, 54.687500, 353.515625
-1717.529297, -27.099609, 608.398438
-1766.845703, -129.638672, 374.023438
-1344.482422, -107.177734, 48.339844
-1056.396484, -125.244141, 52.246094
-537.841797, -208.740234, 138.671875
-20.263672, -623.291016, 111.328125
66.406250, -868.408203, 197.265625
53.710938, -1061.767578, 250.976562
-107.666016, -1010.009766, 204.101562
-233.642578, -1000.732422, 383.789062
-,-,-
-229.248047, -978.271484, 201.171875
-158.935547, -985.595703, 138.671875
-2.685547, -1018.310547, 72.265625
182.617188, -1046.630859, 70.312500
179.199219, -1007.080078, 104.003906
109.863281, -495.849609, 28.320312
-204.345703, -332.275391, 175.781250
-987.060547, 68.359375, 458.007812
-1093.017578, 174.804688, 539.062500
-1692.138672, 141.113281, 946.289062
-1611.083984, 110.351562, 902.343750
-1180.908203, 201.171875, 605.468750
-1150.634766, 74.218750, 378.906250
-1007.080078, 14.648438, 222.656250
-696.044922, -379.638672, 637.695312
104.980469, -467.529297, 103.027344
-15.869141, -575.439453, 146.484375
39.062500, -1000.732422, 296.875000
283.203125, -1168.701172, 361.816406
-,-,-
-28.564453, -985.595703, 189.453125
23.925781, -1016.357422, 175.781250
33.691406, -1032.470703, 221.679688
262.207031, -1052.001953, 161.132812
406.738281, -1087.646484, 277.343750
312.500000, -759.521484, 207.519531
-173.095703, -159.912109, -52.978516
-716.064453, 29.296875, 186.523438
-1254.638672, 187.011719, 603.515625
-1669.189453, 43.457031, 766.601562
-1677.001953, -100.341797, 874.023438
-1159.423828, -29.052734, 525.878906
-820.068359, -97.412109, 250.976562
-429.931641, -288.330078, 224.121094
-17.822266, -642.333984, 153.808594
197.265625, -1134.521484, 174.316406
221.191406, -1212.646484, 304.687500
-,-,-
-38.330078, -1022.216797, 170.898438
-133.056641, -1088.623047, 196.289062
166.015625, -1072.021484, 125.000000
162.597656, -1054.443359, 234.863281
239.746094, -980.712891, 290.039062
-244.384766, -490.966797, 171.875000
-373.291016, -172.119141, 66.406250
-904.052734, 159.179688, 136.718750
-802.978516, -245.361328, 806.640625
-1999.755859, -91.552734, 670.898438
-1283.447266, 95.703125, 227.539062
-1136.962891, -27.099609, 99.609375
-1129.150391, -269.287109, 258.300781
-526.611328, -236.572266, 65.429688
-129.638672, -596.923828, 162.109375
198.242188, -879.638672, 244.140625
66.894531, -1208.251953, 262.207031
58.105469, -1047.119141, 107.910156
-,-,-
135.253906, -985.595703, 170.898438
408.203125, -1043.701172, 266.601562
563.476562, -1122.314453, 235.839844
17.089844, -691.650391, 339.843750
-254.638672, -294.189453, 66.406250
-995.849609, 96.191406, 333.007812
-1353.271484, -178.466797, 596.191406
-1381.591797, -149.169922, -279.052734
-1433.349609, 10.742188, 164.062500
-1160.888672, -3.662109, 73.730469
-1177.490234, -151.123047, 82.031250
-1180.908203, -252.685547, 173.828125
-585.205078, -181.396484, 140.625000
-126.220703, -418.701172, 268.554688
-,-,-
-142.822266, -1033.447266, 172.851562
-44.677734, -983.642578, 138.671875
125.488281, -1052.490234, 197.265625
219.726562, -1088.623047, 213.378906
374.023438, -1081.298828, 274.414062
35.156250, -601.806641, 155.761719
41.503906, -262.939453, -62.255859
-872.314453, 79.101562, -106.689453
-1241.455078, 215.820312, 215.820312
-1396.728516, -82.763672, 544.433594
-1880.126953, -2.685547, 608.398438
-1520.751953, 24.902344, 352.539062
-1329.833984, 44.433594, 120.117188
-947.509766, -78.857422, 280.761719
-452.392578, -57.373047, 329.101562
706.542969, -590.576172, -7.568359
-,-,-
-80.810547, -1016.357422, 94.726562
-49.072266, -967.529297, 103.027344
-42.236328, -1043.701172, 237.304688
251.464844, -1070.068359, 142.578125
293.945312, -780.029297, 166.992188
-279.052734, -628.662109, 144.531250
-221.923828, -141.845703, -141.357422
-1190.185547, 391.601562, 401.367188
-1326.904297, 119.628906, 259.277344
-1772.705078, -14.404297, 570.800781
-1594.482422, -99.365234, 498.535156
-1394.775391, 29.296875, 155.761719
-1297.607422, -106.201172, 165.039062
-724.365234, 29.296875, 250.000000
-129.150391, -110.595703, 145.507812
391.113281, -1128.173828, 451.171875
-,-,-
-91.552734, -1013.427734, 167.968750
-49.560547, -1055.419922, 71.289062
-122.802734, -975.341797, 83.984375
-134.521484, -911.865234, 102.539062
101.074219, -930.419922, 143.554688
358.398438, -983.642578, 194.335938
370.605469, -768.798828, 187.500000
-330.810547, -307.373047, 798.828125
-1028.564453, 130.859375, 103.027344
-1594.482422, 139.648438, 278.808594
-1787.841797, -45.654297, 310.058594
-1911.865234, -19.287109, 383.789062
-1456.298828, 84.960938, 253.906250
-942.626953, 32.226562, 30.273438
-502.197266, 2.441406, 87.890625
280.761719, -346.435547, 119.140625
-,-,-
-44.677734, -1014.892578, 266.601562
-147.216797, -852.294922, 342.773438
122.070312, -1054.443359, 186.035156
54.199219, -1015.380859, 153.320312
51.757812, -1025.146484, 250.976562
324.707031, -965.087891, 43.457031
642.578125, -1348.876953, 214.843750
284.667969, -639.892578, 237.304688
-70.068359, -89.111328, -71.533203
-1026.611328, 342.773438, 210.449219
-1177.490234, 125.000000, 472.656250
-1828.857422, 37.109375, 613.281250
-1864.013672, 32.226562, 720.214844
-1482.177734, 85.937500, 383.789062
-662.353516, 19.042969, 413.574219
143.554688, -714.111328, 270.507812
313.476562, -943.603516, 283.691406
-,-,-
2.929688, -982.177734, 291.992188
98.632812, -963.134766, 289.062500
48.828125, -1035.888672, 208.496094
59.082031, -983.642578, 290.039062
320.312500, -1177.490234, 322.265625
166.992188, -675.048828, 406.738281
409.667969, -966.552734, 427.734375
-154.541016, -7.568359, 23.925781
-509.033203, 60.546875, 121.093750
-1479.248047, -348.388672, 806.152344
-1664.306641, 229.980469, 495.605469
-1436.279297, -78.857422, 212.890625
-1443.603516, -29.052734, 246.093750
-952.880859, -39.794922, 329.101562
-156.494141, -209.228516, 63.476562
248.535156, -940.673828, 181.152344
76.660156, -1185.302734, 526.855469
247.070312, -1200.439453, 419.921875
-,-,-
-57.861328, -966.552734, 178.222656
-98.388672, -975.830078, 268.554688
-19.287109, -975.341797, 137.695312
-21.240234, -1068.115234, 275.390625
148.925781, -1072.021484, 267.578125
306.640625, -1073.974609, 293.945312
210.937500, -899.169922, 224.609375
-140.380859, -188.720703, 300.781250
-694.580078, 6.835938, 311.035156
-1257.080078, 113.281250, 416.992188
-1747.802734, -12.451172, 740.234375
-1402.587891, 4.882812, 600.585938
-1070.068359, -77.392578, 349.609375
-386.474609, -400.634766, 304.199219
1.464844, -576.904297, 53.710938
10.253906, -927.490234, 241.210938
-,-,-
-93.994141, -952.392578, 363.769531
31.250000, -925.537109, 265.625000
143.066406, -987.548828, 322.265625
138.671875, -926.513672, 388.183594
321.777344, -976.318359, 455.078125
590.332031, -804.443359, 235.839844
725.097656, -624.267578, 176.269531
284.667969, -110.107422, 14.648438
-458.740234, 330.078125, -37.841797
-1408.447266, 225.585938, 537.109375
-1999.755859, 165.527344, 795.410156
-1844.970703, 8.789062, 832.519531
-1923.095703, 67.382812, 546.386719
-1740.966797, 20.019531, 425.781250
-1031.494141, -12.451172, 392.089844
-309.814453, -244.384766, 121.093750
419.921875, -598.388672, 77.636719
-,-,-
31.250000, -986.572266, 85.937500
160.644531, -943.603516, 39.062500
112.304688, -916.259766, 46.386719
163.085938, -952.880859, 44.433594
-57.861328, -683.837891, 67.382812
-580.810547, -156.982422, 189.453125
-810.791016, -100.830078, 416.015625
-1580.322266, 154.296875, 584.960938
-1795.166016, -40.771484, 537.109375
-1569.091797, -94.970703, 320.312500
-1159.423828, -183.837891, 284.667969
-,-,-
-50.537109, -918.701172, 168.945312
-29.541016, -1092.529297, 272.460938
129.882812, -985.595703, 114.257812
94.726562, -1013.427734, 231.933594
255.371094, -1040.771484, 323.242188
940.429688, -827.880859, 5.859375
271.484375, -447.021484, 248.046875
-178.466797, 31.250000, -226.318359
-984.619141, -188.720703, 518.066406
-1887.939453, -190.185547, 356.445312
-1999.755859, -299.072266, 605.957031
-1999.755859, -206.787109, 719.726562
-1187.744141, 53.710938, 223.632812
-520.751953, 45.898438, 321.289062
471.191406, -327.880859, 120.117188
-,-,-
-243.896484, -996.826172, 244.140625
-44.677734, -964.599609, 94.726562
-133.056641, -986.083984, 123.046875
83.984375, -957.763672, 144.531250
437.500000, -943.603516, 170.898438
270.019531, -811.767578, 177.246094
-87.646484, -164.794922, -22.705078
-514.892578, -95.458984, 228.515625
-1468.017578, -77.392578, 421.875000
-1958.740234, -156.982422, 353.515625
-1999.755859, -365.966797, 598.632812
-1718.994141, -93.994141, 493.652344
-1010.009766, 162.109375, 157.714844
-168.212891, -376.708984, 458.007812
867.187500, -774.169922, -29.052734
531.738281, -990.478516, 251.953125
116.210938, -1015.380859, 551.757812
-,-,-
-100.341797, -995.849609, 147.949219
-166.259766, -995.849609, 194.335938
-34.423828, -1060.791016, 275.390625
208.496094, -910.888672, 287.109375
230.957031, -823.974609, 312.011719
61.523438, -429.443359, 172.851562
-313.232422, -167.236328, 160.156250
-1098.876953, 64.453125, 277.343750
-1678.955078, 59.570312, 292.968750
-1999.755859, -94.482422, 401.367188
-1999.755859, -224.365234, 514.648438
-1442.138672, 30.273438, 182.128906
-885.009766, -336.181641, 473.632812
-6.103516, -186.279297, 173.828125
296.386719, -731.201172, 371.093750
305.175781, -893.310547, 428.710938
198.242188, -986.083984, 391.601562
-,-,-
-16.845703, -950.927734, 141.601562
146.484375, -1105.712891, 128.417969
201.660156, -951.904297, 209.472656
394.042969, -481.689453, 301.757812
264.648438, -648.681641, 312.988281
9.765625, -327.880859, 212.402344
-724.365234, -147.216797, 519.042969
-1378.173828, -403.564453, 679.687500
-1729.736328, -227.294922, 548.828125
-1999.755859, -471.435547, 463.867188
-1689.697266, -355.224609, 544.433594
-937.744141, -32.958984, 259.277344
-85.693359, -279.052734, 535.156250
587.890625, -573.486328, 72.753906
-,-,-
-30.029297, -956.787109, 198.730469
-39.794922, -1050.537109, 396.484375
185.546875, -900.146484, 220.703125
188.964844, -757.568359, 294.921875
-59.814453, -318.115234, 266.601562
-587.646484, -291.748047, 389.160156
-1045.654297, -110.107422, 242.187500
-1642.822266, -369.873047, 392.089844
-1927.978516, -320.068359, 215.820312
-1702.880859, -320.068359, 223.632812
-1007.568359, -218.017578, 115.234375
-555.908203, -530.517578, 677.246094
20.507812, -525.634766, 568.847656
-,-,-
-199.462891, -997.802734, 349.609375
-149.658203, -991.455078, 319.335938
3.906250, -990.966797, 205.566406
229.492188, -929.443359, 228.515625
198.730469, -749.755859, 313.476562
0.488281, -519.287109, 312.988281
-397.216797, -166.259766, 50.292969
-909.912109, -133.544922, 12.695312
-1379.150391, -341.552734, 163.085938
-1714.599609, -127.685547, 41.015625
-1881.591797, -397.216797, 379.882812
-1461.181641, -112.060547, 182.128906
-908.447266, -113.037109, 326.171875
-221.435547, -398.193359, 303.710938
218.261719, -571.044922, 157.714844
418.457031, -977.294922, 339.355469
-,-,-
-164.794922, -1013.916016, 252.929688
-133.544922, -1019.287109, 205.566406
-1.708984, -1057.861328, 215.820312
222.656250, -1072.021484, 250.976562
265.625000, -744.384766, 238.769531
-24.658203, -556.396484, 369.628906
-364.501953, -70.556641, 98.144531
-1118.408203, -247.802734, 138.671875
-1662.841797, -198.974609, -6.591797
-1890.380859, -324.951172, 127.441406
-1638.916016, -313.720703, 234.863281
-1068.603516, -134.521484, -34.912109
-508.056641, -271.240234, 208.496094
211.425781, -336.181641, -21.728516
140.136719, -1148.193359, 630.371094
-,-,-
-136.962891, -1086.669922, 368.652344
-8.056641, -1038.818359, 134.765625
-144.775391, -1056.884766, 263.671875
218.750000, -1051.513672, 305.664062
277.343750, -991.943359, 325.195312
252.929688, -525.146484, 94.238281
-214.111328, -536.865234, 489.746094
-724.365234, -174.560547, 491.210938
-1375.732422, -226.318359, 591.796875
-1463.623047, -173.583984, 410.156250
-1588.623047, -112.060547, 133.789062
-1347.900391, -230.224609, 0.976562
-934.326172, -111.083984, 261.230469
33.691406, -182.373047, 83.007812
479.492188, -1001.220703, 136.718750
-249.755859, -1200.439453, 631.347656
-,-,-
-128.662109, -1014.404297, 165.039062
-106.201172, -1002.197266, 247.070312
-36.376953, -1047.607422, 211.425781
197.753906, -1077.880859, 179.199219
122.070312, -1030.029297, 278.320312
125.976562, -440.185547, 409.179688
-478.759766, -316.162109, 325.683594
-791.259766, 21.972656, 211.914062
-1502.197266, -203.857422, 216.796875
-1550.537109, -275.146484, -44.677734
-1709.228516, -250.732422, -227.294922
-1510.009766, -239.501953, -37.841797
-984.130859, -123.291016, 34.179688
-671.142578, -322.021484, 510.742188
167.480469, -346.435547, -55.419922
-3.662109, -1043.212891, 644.531250
-,-,-
-170.654297, -989.990234, 265.625000
-138.916016, -977.294922, 196.289062
-57.861328, -968.505859, 265.625000
166.503906, -939.208984, 270.507812
125.488281, -884.521484, 347.656250
97.656250, -458.251953, 122.070312
-224.365234, -198.974609, 211.914062
-767.333984, -32.958984, 246.093750
-1317.138672, -44.677734, 124.023438
-1778.564453, -218.017578, 99.121094
-1744.873047, -92.529297, -20.751953
-1652.587891, -83.740234, -118.896484
-1602.294922, -196.044922, 211.914062
-1052.490234, -210.693359, 269.531250
-278.076172, -256.591797, 67.382812
118.652344, -619.873047, 124.023438
59.082031, -932.861328, 258.300781
-22.216797, -901.123047, 309.082031
-,-,-
-205.810547, -1018.310547, 240.234375
-159.423828, -991.943359, 208.496094
-97.412109, -960.205078, 298.828125
6.347656, -879.638672, 339.843750
-73.974609, -691.162109, 349.609375
-174.072266, -411.865234, 43.945312
-534.423828, -129.638672, 145.507812
-1091.064453, -68.115234, 75.195312
-1449.951172, -139.404297, 28.320312
-1822.998047, -99.365234, -3.173828
-1714.599609, -223.388672, 94.726562
-1470.458984, -159.912109, 45.898438
-1067.626953, -280.029297, 251.953125
-670.166016, -438.232422, 396.484375
98.144531, -428.466797, -91.552734
52.246094, -911.376953, 328.125000
34.667969, -927.490234, 265.136719
-25.146484, -916.748047, 294.921875
-,-,-
-183.837891, -1010.986328, 220.703125
-157.958984, -1051.513672, 184.082031
-138.916016, -1015.380859, 178.222656
-6.103516, -1055.419922, 264.648438
202.636719, -907.958984, 193.359375
17.089844, -684.326172, 336.425781
-98.388672, -516.357422, 166.992188
-482.666016, -84.716797, 218.750000
-1040.771484, -285.888672, 311.035156
-1407.470703, -233.154297, 51.269531
-1884.521484, -194.091797, 83.007812
-1876.708984, -249.755859, 137.695312
-1474.853516, -48.583984, 41.015625
-637.939453, -321.044922, 392.089844
54.199219, -496.826172, 228.515625
144.042969, -693.603516, 162.109375
-135.498047, -1047.607422, 615.234375
-,-,-
-166.748047, -904.052734, 102.050781
-189.697266, -986.083984, 200.683594
-189.208984, -1058.349609, 306.640625
-8.544922, -989.013672, 312.011719
40.527344, -765.869141, 351.562500
-4.638672, -494.873047, 76.660156
-309.814453, -24.658203, 34.179688
-835.205078, 191.894531, 52.246094
-1619.384766, 76.171875, 130.859375
-1985.107422, -137.939453, 25.878906
-1895.263672, -215.087891, 154.785156
-1848.388672, -23.193359, 50.292969
-1177.490234, 43.945312, 64.453125
-404.541016, -254.150391, 214.843750
-81.787109, -491.943359, 134.765625
318.359375, -799.560547, 368.164062
-,-,-
-196.533203, -1048.583984, 229.492188
-117.919922, -1017.333984, 149.414062
-65.673828, -990.966797, 185.058594
-8.056641, -955.810547, 291.015625
7.324219, -759.521484, 317.382812
-105.712891, -448.974609, 139.648438
-331.787109, -72.021484, 46.386719
-801.513672, 22.460938, 25.878906
-1433.837891, -10.498047, 134.277344
-1838.134766, -81.787109, 59.570312
-1930.419922, -174.560547, 329.101562
-1798.095703, -77.880859, 130.371094
-1273.193359, 54.687500, -80.322266
-341.552734, -395.263672, 267.578125
-386.474609, -591.064453, 379.882812
-123.779297, -665.771484, 253.906250
141.601562, -816.650391, 201.171875
-,-,-
-167.236328, -943.115234, 197.265625
-183.837891, -965.087891, 164.062500
-147.216797, -982.177734, 208.496094
-99.853516, -971.435547, 275.390625
-43.212891, -777.099609, 286.621094
-99.853516, -545.654297, 192.382812
-249.755859, -159.912109, 85.937500
-732.666016, -102.294922, 142.578125
-1042.724609, 0.488281, 134.765625
-1589.599609, -269.287109, 194.335938
-1770.263672, -165.283203, 158.203125
-1713.134766, -154.052734, 131.835938
-1526.123047, -124.755859, 190.429688
-957.763672, -230.224609, 259.277344
-524.658203, -471.435547, 412.109375
-218.994141, -435.302734, 190.429688
250.976562, -704.833984, 141.601562
73.242188, -1065.185547, 498.535156
-,-,-
-139.892578, -1002.685547, 267.578125
-128.662109, -952.880859, 181.152344
-114.990234, -988.037109, 273.437500
-49.560547, -915.283203, 296.875000
-9.521484, -723.876953, 321.289062
-188.232422, -670.166016, 364.746094
-122.314453, -397.216797, 196.777344
-677.490234, -292.724609, 378.906250
-914.794922, -133.544922, 187.988281
-1323.974609, -81.787109, 284.667969
-1716.552734, -128.662109, 198.242188
-1660.400391, -269.287109, 259.277344
-1546.630859, -135.498047, 204.589844
-996.337891, -241.943359, 336.425781
-423.095703, -389.404297, 353.515625
-111.572266, -694.091797, 307.128906
-74.951172, -784.912109, 262.207031
-,-,-
-218.505859, -965.576172, 146.484375
-193.115234, -973.388672, 182.128906
-117.919922, -933.349609, 147.460938
-176.513672, -947.998047, 229.003906
-198.486328, -898.193359, 250.976562
-220.947266, -745.849609, 292.968750
-328.369141, -531.982422, 224.609375
-511.474609, -272.705078, 123.046875
-847.900391, -342.529297, 216.796875
-1170.654297, -278.076172, 117.187500
-1541.748047, -262.939453, 126.953125
-1686.767578, -327.880859, 170.898438
-1577.880859, -291.259766, 279.296875
-1280.517578, -288.330078, 233.886719
-683.349609, -311.279297, 113.281250
-317.138672, -681.396484, 267.578125
11.230469, -609.130859, 83.496094
43.457031, -972.412109, 327.148438
-,-,-
-152.099609, -975.341797, 145.507812
-39.794922, -1019.287109, 112.304688
-61.279297, -933.349609, 148.437500
-83.251953, -937.744141, 247.070312
-144.287109, -991.455078, 273.437500
-291.748047, -788.330078, 209.960938
-405.517578, -629.638672, 200.195312
-478.759766, -350.341797, 194.335938
-701.416016, -182.373047, 115.234375
-1197.021484, -68.115234, -137.451172
-1705.810547, -91.552734, -129.638672
-1811.767578, -172.607422, 111.328125
-1549.072266, 15.625000, -150.146484
-1064.697266, -165.771484, 166.015625
-603.759766, -343.505859, 224.609375
-166.748047, -552.978516, 191.406250
-15.380859, -719.970703, 174.804688
77.636719, -976.318359, 291.992188
31.250000, -1069.091797, 474.609375
-,-,-
-122.802734, -1012.451172, 214.843750
-152.099609, -973.388672, 195.312500
-142.822266, -990.966797, 221.679688
-116.455078, -994.873047, 300.781250
-98.388672, -808.349609, 290.039062
-232.177734, -827.880859, 390.136719
-173.095703, -445.068359, 181.152344
-502.685547, -352.294922, 188.476562
-811.767578, -133.544922, 120.117188
-1260.009766, -72.021484, 51.269531
-1647.705078, -199.951172, 10.742188
-1685.791016, -339.111328, 86.914062
-1555.908203, -142.333984, 19.531250
-1087.158203, -267.333984, 284.667969
-430.908203, -209.716797, 186.035156
-55.419922, -863.525391, 546.386719
-3.662109, -794.189453, 212.402344
-,-,-
-201.416016, -901.123047, 265.625000
-124.755859, -908.447266, 163.085938
-241.943359, -1024.169922, 266.601562
-188.232422, -975.341797, 189.453125
-94.970703, -978.271484, 194.335938
-30.029297, -961.181641, 265.625000
-27.099609, -731.201172, 293.945312
-394.775391, -614.990234, 223.632812
-505.615234, -162.841797, 100.585938
-793.212891, -138.427734, 75.683594
-1238.037109, -178.466797, 111.328125
-1536.865234, -112.060547, 54.687500
-1701.904297, -231.201172, 209.960938
-1772.705078, -131.591797, 191.406250
-1333.740234, -202.880859, 219.726562
-482.177734, -196.044922, 253.906250
-51.025391, -462.158203, 418.457031
-,-,-
-514.892578, -1061.767578, 247.070312
-241.943359, -947.021484, 132.812500
-345.947266, -951.904297, 146.484375
-319.091797, -898.193359, 188.476562
-286.865234, -895.263672, 166.992188
-328.369141, -983.642578, 214.843750
-249.755859, -1046.630859, 258.300781
-93.505859, -713.623047, 261.230469
-243.408203, -364.501953, 2.441406
-482.666016, 81.054688, -33.935547
-1163.330078, -89.599609, 146.484375
-1438.720703, -23.681641, -88.623047
-1742.919922, -114.013672, -149.169922
-1833.251953, -84.716797, -54.443359
-1387.939453, 187.500000, -116.943359
-557.373047, -93.505859, 217.773438
-174.072266, -417.724609, 342.773438
-16.357422, -999.267578, 464.355469
-107.666016, -1072.509766, 274.414062
-,-,-
-446.533203, -940.185547, 279.785156
-443.115234, -888.916016, 128.417969
-326.904297, -859.130859, 99.609375
-270.263672, -983.642578, 209.960938
-116.943359, -947.021484, 181.152344
-229.736328, -890.869141, 315.429688
124.511719, -274.658203, 91.796875
-252.197266, -4.150391, -41.748047
-947.021484, 175.781250, -6.591797
-1717.529297, -162.841797, -90.576172
-1999.755859, -136.474609, -126.708984
-1942.626953, -25.146484, -42.724609
-1360.595703, 157.226562, -135.986328
-580.322266, -217.529297, 153.808594
-89.111328, -288.330078, 16.601562
18.066406, -902.099609, 379.394531
38.085938, -1168.701172, 330.078125
160.156250, -1037.841797, 377.929688
-21.240234, -1022.216797, 301.757812
-,-,-
-224.365234, -954.833984, 151.855469
-256.103516, -1019.287109, 162.109375
-124.755859, -1027.099609, 129.394531
-14.404297, -982.177734, 184.082031
40.527344, -851.318359, 326.171875
-62.255859, -751.708984, 376.953125
-242.919922, 83.984375, -40.771484
-921.630859, -31.982422, -93.505859
-1686.279297, -245.849609, -108.154297
-1964.111328, -261.474609, -201.904297
-1720.458984, -236.083984, -85.693359
-1361.083984, -49.072266, -244.873047
-614.990234, -114.013672, -6.103516
-258.056641, -616.455078, 474.609375
-47.119141, -816.650391, 434.082031
-305.419922, -1116.943359, 403.320312
-175.537109, -919.677734, 379.882812
-104.248047, -832.763672, 299.804688
-,-,-
-299.072266, -1006.103516, 265.625000
-306.396484, -944.091797, 159.179688
-269.775391, -981.201172, 141.601562
-230.224609, -1043.701172, 180.175781
-19.775391, -952.880859, 195.312500
23.925781, -852.294922, 436.035156
-123.779297, -616.943359, 233.886719
-341.064453, -101.806641, 119.140625
-885.498047, -121.337891, 84.472656
-1347.900391, -264.404297, 26.855469
-1578.857422, -211.669922, 55.664062
-1618.896484, 10.742188, -30.029297
-1638.427734, -205.810547, 25.878906
-1561.279297, -32.958984, -61.279297
-1282.470703, -200.927734, 229.492188
-548.095703, -265.380859, 141.601562
134.765625, -326.904297, 144.531250
118.164062, -1127.197266, 316.406250
-3.173828, -1072.998047, 399.414062
-,-,-
-425.537109, -956.298828, 265.625000
-269.287109, -969.482422, 37.109375
-257.080078, -1035.888672, 96.679688
-189.208984, -1054.931641, 136.718750
-185.791016, -1105.712891, 208.496094
-133.056641, -886.962891, 253.906250
-79.833984, -558.837891, 170.898438
-319.091797, -183.349609, 62.500000
-695.068359, -6.591797, -10.498047
-1339.599609, -217.041016, 98.632812
-1617.919922, -290.771484, 31.250000
-1716.552734, -154.052734, -78.369141
-1764.404297, -58.349609, -49.560547
-1186.279297, -33.935547, 83.984375
-574.951172, -213.623047, 278.320312
-153.564453, -510.498047, 446.289062
-,-,-
-421.630859, -910.888672, 449.218750
-235.107422, -850.341797, 302.246094
-291.259766, -1022.216797, 416.503906
-180.908203, -919.677734, 394.531250
-90.576172, -757.568359, 460.937500
-293.212891, -524.658203, 383.789062
-332.763672, -85.693359, 51.269531
-914.306641, -51.025391, 46.875000
-1249.267578, -71.044922, -134.521484
-1711.669922, -255.615234, -215.576172
-1682.373047, -153.076172, -239.990234
-1567.626953, -164.794922, -34.912109
-1079.345703, -35.888672, -58.349609
-300.537109, -114.013672, 10.742188
156.738281, -463.623047, 408.203125
-50.537109, -1019.287109, 797.851562
-,-,-
-307.861328, -915.283203, 284.667969
-265.380859, -966.552734, 280.761719
-244.384766, -935.302734, 272.460938
-168.701172, -927.490234, 263.671875
-239.501953, -945.068359, 303.710938
-240.478516, -966.064453, 270.507812
-243.896484, -1010.498047, 291.992188
-51.513672, -956.787109, 461.425781
7.812500, -895.263672, 612.304688
-26.123047, -409.912109, 355.468750
-339.111328, 23.925781, 262.695312
-620.361328, 180.664062, 45.898438
-1485.107422, -197.998047, -193.115234
-1999.755859, -306.396484, -242.919922
-1999.755859, -159.912109, 24.902344
-1067.626953, 216.796875, 6.835938
-516.357422, -145.263672, 353.515625
-86.669922, -425.537109, 347.656250
-,-,-
-217.529297, -893.310547, 298.828125
-218.994141, -963.134766, 282.714844
-115.966797, -943.603516, 269.531250
84.960938, -1024.169922, 433.593750
175.781250, -757.568359, 564.453125
-168.212891, -416.748047, 386.718750
-385.498047, -39.794922, 282.714844
-953.857422, -208.740234, 282.226562
-1296.142578, -249.755859, 186.523438
-1855.712891, -294.677734, 244.140625
-1681.396484, -50.048828, 88.867188
-1369.873047, -257.568359, 101.562500
-1195.068359, -375.732422, 76.660156
-893.310547, -251.708984, -9.521484
-585.205078, -490.966797, 265.625000
-3.662109, -625.244141, 301.757812
