-,-,-
-576.416016, -1093.017578, 219.726562
-691.650391, -937.744141, 159.179688
-533.935547, -694.580078, 143.554688
132.324219, -713.134766, 37.109375
363.769531, -520.263672, 276.367188
778.320312, -455.322266, -72.021484
1171.875000, -329.833984, 52.246094
1606.445312, -426.513672, 154.785156
1681.152344, -374.755859, -80.322266
1830.078125, -584.716797, 128.417969
1501.464844, -245.849609, -61.279297
1070.312500, -572.021484, 160.644531
113.281250, 180.664062, -11.474609
-579.345703, -597.900391, 259.277344
-910.888672, -684.326172, 157.714844
-793.212891, -668.212891, 174.316406
-,-,-
-130.615234, -1014.404297, 276.367188
-339.111328, -1148.681641, 413.574219
-520.751953, -929.443359, 405.273438
-0.244141, -851.318359, 297.851562
51.269531, -356.201172, 149.414062
625.000000, -281.005859, 214.843750
967.285156, -231.201172, 161.132812
1367.187500, -198.974609, 252.929688
1697.265625, -35.888672, 35.156250
1916.015625, -151.123047, 185.546875
1697.265625, -16.845703, -85.693359
1414.550781, -260.498047, 74.707031
633.300781, -192.626953, 169.921875
-92.529297, -620.361328, 321.289062
-507.080078, -531.494141, 67.382812
-482.177734, -854.248047, 362.792969
-,-,-
-77.392578, -980.224609, 344.238281
-244.384766, -1042.724609, 383.789062
-383.056641, -1090.576172, 339.843750
-745.361328, -961.181641, 287.597656
-472.412109, -410.888672, 137.695312
3.906250, -264.892578, 51.269531
300.781250, -75.439453, -111.083984
1126.464844, -145.751953, -8.056641
1532.714844, -108.154297, 427.734375
1825.683594, -15.380859, -112.060547
1999.755859, 191.894531, -42.724609
1999.755859, 171.875000, 168.945312
1737.304688, 202.148438, 239.257812
947.753906, -215.087891, 73.730469
-394.775391, -32.958984, -115.966797
-912.353516, -725.830078, 125.488281
-718.505859, -714.599609, 411.621094
-636.962891, -898.193359, 553.710938
-,-,-
-72.021484, -1036.865234, 363.769531
-93.505859, -967.529297, 332.031250
-328.369141, -989.990234, 354.492188
-454.345703, -1020.263672, 437.500000
-497.802734, -629.150391, 226.562500
-123.779297, -440.185547, 10.742188
526.367188, -364.501953, 175.292969
1198.242188, -150.146484, -17.333984
1646.484375, 34.667969, 175.292969
1845.703125, -59.326172, 363.769531
1748.535156, -69.091797, 340.820312
1637.695312, -305.419922, 193.359375
1180.175781, -297.607422, 111.328125
252.929688, -278.076172, 125.488281
-426.513672, -666.259766, 277.343750
-,-,-
-147.216797, -1020.263672, 362.792969
-86.669922, -952.880859, 271.484375
-247.802734, -1012.451172, 339.843750
-446.044922, -1038.818359, 311.035156
-623.779297, -854.248047, 409.179688
-188.720703, -434.814453, 440.917969
67.871094, -136.474609, 250.000000
787.109375, -54.443359, -127.197266
1050.292969, -222.412109, 333.496094
1487.792969, -293.212891, -73.486328
1873.535156, 114.257812, 178.710938
1926.757812, 70.312500, 634.765625
1988.281250, 205.078125, 463.867188
1703.613281, 74.707031, 170.898438
807.617188, 382.812500, 193.359375
206.542969, -262.939453, 327.148438
-407.958984, -386.962891, 302.734375
-593.505859, -676.513672, 97.167969
-686.767578, -866.943359, 271.484375
-,-,-
-49.072266, -961.181641, 357.421875
-91.064453, -962.158203, 357.421875
-183.837891, -1042.724609, 283.691406
-427.490234, -957.275391, 206.542969
-496.337891, -716.064453, 289.062500
-398.193359, -409.423828, 277.832031
219.726562, -317.626953, 60.546875
524.414062, -30.029297, -48.583984
1056.152344, -212.158203, 705.078125
1465.332031, -62.255859, 447.265625
1671.386719, -230.224609, 591.796875
1694.824219, -84.716797, 588.867188
1620.117188, -101.318359, 621.582031
1665.527344, -78.369141, 508.789062
1192.382812, -187.255859, 484.375000
467.285156, 13.671875, 251.953125
-249.755859, -411.376953, 452.148438
-689.697266, -470.458984, 181.152344
-,-,-
31.250000, -988.037109, 265.625000
-34.912109, -973.388672, 388.183594
-172.119141, -954.833984, 271.484375
-421.630859, -981.689453, 285.644531
-472.900391, -858.642578, 311.035156
-252.197266, -401.123047, 206.542969
141.601562, -191.650391, 131.347656
619.628906, -227.294922, 9.765625
1069.335938, -207.763672, 418.457031
1504.394531, -32.958984, 462.890625
1946.777344, 31.738281, 540.527344
1939.941406, -14.404297, 660.156250
1927.246094, -86.669922, 322.265625
1342.285156, -59.326172, 252.441406
377.929688, -186.767578, 181.152344
-23.193359, -359.619141, 323.242188
-509.521484, -574.462891, 279.296875
-,-,-
-98.388672, -1032.470703, 378.906250
-292.236328, -973.388672, 411.621094
-460.693359, -900.146484, 371.093750
-710.693359, -603.759766, 217.773438
-224.853516, -739.501953, 412.597656
-207.763672, 126.953125, -12.451172
597.167969, -51.513672, 42.968750
942.871094, -111.083984, -3.662109
1459.960938, -260.498047, 813.476562
1916.015625, -185.302734, 427.734375
1999.755859, -322.021484, 725.097656
1966.308594, -209.228516, 583.984375
1625.000000, -260.986328, 474.609375
860.839844, -81.787109, 157.714844
-47.607422, -159.912109, 238.281250
-455.810547, -301.513672, 305.175781
-647.216797, -696.533203, 266.601562
-,-,-
-148.681641, -964.599609, 208.984375
-220.947266, -1011.474609, 180.175781
-405.517578, -991.943359, 172.851562
-633.544922, -745.361328, 87.890625
-244.384766, -439.208984, 80.078125
128.906250, -202.880859, 273.437500
540.039062, -114.013672, -56.884766
846.679688, -288.330078, 48.339844
1424.316406, -116.943359, 411.621094
1933.105469, 48.339844, 555.664062
1916.503906, -2.197266, 656.250000
1831.542969, -216.064453, 487.304688
1825.195312, -143.798828, 140.625000
1208.007812, -26.123047, 388.183594
548.339844, 50.781250, 102.050781
-197.509766, -156.982422, 302.734375
-341.064453, -635.498047, 359.375000
-666.748047, -680.419922, 160.156250
-,-,-
-90.087891, -1014.404297, 358.398438
-119.384766, -945.068359, 242.187500
-287.841797, -1009.033203, 210.937500
-537.353516, -660.400391, 114.257812
-191.650391, -353.271484, 206.542969
340.332031, 63.476562, 257.324219
664.062500, 53.710938, 68.359375
1325.683594, -200.927734, -9.521484
1718.261719, -111.083984, 607.421875
1999.755859, 198.730469, 718.750000
1873.535156, -97.900391, 814.453125
1805.664062, -117.919922, 247.070312
1738.281250, -106.201172, 378.906250
796.875000, 298.339844, 129.394531
97.167969, -192.626953, 142.578125
-267.333984, -606.201172, 402.343750
-189.697266, -642.333984, 164.062500
-353.271484, -710.693359, 256.347656
-,-,-
-176.025391, -953.369141, 211.914062
-604.248047, -954.833984, 251.953125
-753.662109, -899.169922, 209.960938
-692.138672, -607.177734, 225.585938
-141.845703, -410.400391, 354.492188
664.062500, -281.982422, 323.242188
1025.390625, -486.572266, 403.320312
1666.015625, -490.478516, 460.937500
1975.097656, -549.072266, 557.617188
1746.093750, -640.380859, 260.253906
1149.902344, -348.388672, 91.796875
218.750000, -263.427734, 58.593750
-345.458984, -377.197266, -78.369141
-,-,-
-247.314453, -947.021484, 239.746094
-603.759766, -1057.861328, 375.000000
-741.455078, -819.580078, 200.195312
-400.634766, -374.755859, 251.953125
219.238281, 48.828125, 258.300781
1017.578125, -150.146484, 225.585938
1521.972656, -386.474609, 732.421875
1742.675781, -263.916016, 1269.531250
1865.722656, -174.560547, 953.125000
1881.347656, -71.533203, 544.433594
827.636719, 225.585938, 456.054688
-293.701172, 173.828125, 48.339844
-339.111328, -550.537109, 34.179688
-616.455078, -914.306641, 287.109375
-,-,-
-58.837891, -968.505859, 290.039062
-168.212891, -996.826172, 226.562500
-396.728516, -1211.669922, 260.742188
-558.349609, -631.591797, -6.591797
-255.615234, -389.404297, 395.507812
222.656250, -31.982422, 186.523438
866.210938, -202.880859, 272.460938
1497.070312, -477.783203, 736.328125
1894.531250, -445.068359, 925.781250
1917.968750, -319.091797, 947.265625
1669.921875, -71.044922, 489.257812
903.320312, 93.750000, 265.625000
118.164062, -170.166016, 300.781250
-126.708984, -167.724609, 73.730469
-405.517578, -759.521484, 309.082031
-,-,-
-55.419922, -989.990234, 291.015625
-144.287109, -975.341797, 154.785156
-232.177734, -1198.486328, 230.468750
-477.783203, -864.501953, 166.992188
-202.392578, -196.044922, -171.630859
270.019531, 123.535156, 446.289062
723.632812, -519.287109, 656.738281
1258.300781, -609.130859, 232.421875
1648.437500, -483.642578, 737.304688
1839.843750, -335.205078, 967.773438
1567.382812, -355.224609, 617.187500
1341.796875, -265.869141, 360.351562
527.832031, 125.976562, 316.406250
-157.958984, -45.654297, 201.171875
-515.380859, -658.935547, 251.464844
-506.103516, -1052.978516, 318.359375
-,-,-
28.320312, -1014.404297, 271.484375
-119.384766, -949.951172, 234.863281
-428.466797, -1136.474609, 346.679688
-365.478516, -703.857422, 40.039062
22.949219, -400.146484, 268.554688
203.613281, -191.650391, 518.066406
836.425781, -276.123047, 264.648438
1411.132812, -583.740234, 375.976562
1647.460938, -648.681641, 740.234375
1657.714844, -449.951172, 1016.601562
1594.726562, -467.529297, 696.777344
1390.136719, -223.388672, 383.789062
596.191406, 95.214844, 277.343750
-117.431641, -199.951172, 75.683594
-582.763672, -625.732422, 206.054688
-481.201172, -1019.287109, 422.851562
-312.744141, -817.626953, 500.976562
-,-,-
-107.666016, -1022.216797, 291.015625
-240.478516, -1009.033203, 208.496094
-321.533203, -935.302734, 244.140625
-221.923828, -697.509766, 128.417969
207.031250, -442.138672, 142.578125
265.136719, -2.197266, 346.679688
814.453125, -105.224609, 262.695312
1296.875000, -478.271484, 264.648438
1409.179688, -620.849609, 520.996094
1566.406250, -364.013672, 724.609375
1537.109375, -498.779297, 763.671875
1485.839844, -343.017578, 570.800781
1088.867188, -360.107422, 579.101562
489.746094, -87.646484, 441.894531
338.867188, -422.607422, 324.218750
-226.806641, -394.287109, 385.742188
-245.361328, -719.970703, 421.875000
-423.583984, -741.943359, 423.828125
-,-,-
-154.052734, -955.810547, 285.644531
-233.642578, -913.330078, 362.792969
-278.076172, -914.306641, 368.164062
-427.978516, -528.564453, 117.187500
-105.224609, -163.818359, 265.136719
404.785156, -46.630859, 288.085938
876.953125, -465.576172, 428.710938
1355.957031, -566.162109, 264.648438
1511.718750, -630.615234, 521.972656
1548.828125, -480.224609, 802.734375
1576.660156, -299.560547, 513.183594
1420.898438, -333.251953, 536.132812
1032.714844, -404.052734, 475.585938
479.003906, -276.123047, 460.937500
20.019531, -367.919922, 471.679688
-332.275391, -534.912109, 424.804688
-258.056641, -738.525391, 600.585938
-,-,-
117.675781, -952.880859, 264.160156
-80.810547, -954.833984, 205.078125
-274.658203, -1028.076172, 214.843750
-365.966797, -667.236328, 86.914062
-98.876953, -542.724609, 163.085938
280.273438, -145.751953, 379.394531
742.187500, -319.091797, 458.007812
1230.468750, -377.685547, 128.417969
1341.796875, -358.154297, 471.679688
1622.558594, -328.857422, 415.527344
1507.812500, -334.228516, 480.468750
1440.917969, -186.279297, 392.089844
1518.554688, -142.822266, 289.062500
1253.417969, -259.521484, 326.171875
749.511719, -246.826172, 360.351562
78.125000, -218.017578, 110.351562
-143.798828, -627.197266, 298.828125
-93.017578, -775.146484, 341.308594
-169.189453, -864.501953, 515.625000
-,-,-
-66.650391, -972.412109, 391.113281
-146.240234, -909.912109, 271.484375
-318.115234, -949.951172, 307.617188
-468.505859, -805.419922, 216.796875
-302.001953, -616.943359, 249.023438
-63.232422, -348.388672, 295.898438
346.191406, 5.859375, 307.128906
715.820312, -111.083984, 331.054688
1294.433594, -135.498047, 389.160156
1565.429688, -273.193359, 432.617188
1819.824219, -124.755859, 550.292969
1895.996094, 37.109375, 662.109375
1603.027344, 55.664062, 409.179688
1506.835938, 31.250000, 253.906250
1109.863281, 46.386719, 349.609375
631.347656, -86.669922, 304.687500
-63.720703, -223.388672, 191.406250
-106.689453, -624.755859, 238.281250
-308.349609, -852.294922, 359.375000
-297.607422, -758.544922, 397.460938
-,-,-
-29.541016, -1014.404297, 334.472656
-257.080078, -935.791016, 340.332031
-431.884766, -947.021484, 214.843750
-239.501953, -771.240234, 131.835938
-22.216797, -663.818359, 136.718750
232.421875, -356.201172, -176.025391
651.367188, -95.947266, 221.679688
1040.527344, -228.271484, 295.898438
983.886719, -321.044922, 426.757812
1316.406250, -256.591797, 261.718750
1596.679688, -357.177734, 596.191406
1874.511719, -192.626953, 581.054688
1734.375000, -19.775391, 472.656250
1457.031250, -71.533203, 375.976562
971.191406, -92.529297, 476.562500
423.339844, -247.802734, 328.125000
-67.626953, -492.919922, 255.859375
-98.876953, -627.197266, 395.507812
-214.111328, -658.935547, 541.992188
-,-,-
-52.978516, -981.201172, 341.796875
-114.990234, -979.248047, 319.335938
-136.962891, -866.943359, 271.484375
-505.615234, -945.068359, 431.640625
-688.232422, -589.599609, 345.703125
-288.818359, -404.541016, 107.421875
488.769531, -438.232422, 174.804688
925.292969, -719.970703, 431.640625
1242.675781, -605.712891, 249.023438
1460.937500, -699.462891, 261.718750
1667.968750, -494.873047, 32.226562
1604.003906, -685.302734, 13.671875
1248.535156, -313.232422, -144.287109
565.917969, -490.966797, 8.789062
219.238281, -528.564453, 149.902344
-240.478516, -724.365234, 489.746094
-300.537109, -809.326172, 542.480469
-,-,-
33.203125, -1063.232422, 321.289062
-21.240234, -968.017578, 301.757812
-287.353516, -1114.990234, 455.078125
-523.681641, -979.248047, 373.046875
-718.994141, -510.498047, 82.031250
-116.943359, -377.685547, 133.300781
513.671875, -49.072266, 163.085938
1105.468750, -92.529297, 291.992188
1545.410156, -345.458984, 106.445312
1923.828125, -439.208984, 30.273438
1812.988281, -593.505859, 41.992188
1615.234375, -716.064453, -52.978516
1043.457031, -309.814453, -93.505859
216.308594, -364.990234, 365.722656
-537.353516, -533.935547, 85.937500
-,-,-
-107.177734, -954.833984, 446.777344
-189.208984, -901.123047, 463.378906
-319.091797, -850.830078, 231.933594
-690.185547, -962.646484, 370.117188
-661.376953, -808.349609, 237.792969
-337.646484, -512.939453, 60.058594
241.210938, -342.529297, 126.464844
785.644531, -255.615234, 74.707031
1116.699219, -377.685547, 204.101562
1566.894531, -387.451172, 154.785156
1695.800781, -268.310547, 197.265625
1527.832031, -390.380859, 272.460938
1450.195312, -404.052734, 126.464844
903.320312, -299.560547, 93.750000
136.230469, -438.232422, 196.289062
-541.748047, -398.193359, 43.945312
-693.603516, -969.482422, 503.906250
-,-,-
-129.638672, -901.123047, 313.964844
-151.123047, -954.833984, 377.929688
-205.322266, -890.380859, 223.632812
-504.638672, -1018.310547, 363.769531
-653.076172, -834.228516, 248.046875
-307.373047, -495.849609, 221.679688
217.285156, -128.662109, 243.164062
741.210938, -304.443359, 432.617188
1104.980469, -390.380859, 153.808594
1601.562500, -483.642578, 113.281250
1763.671875, -400.146484, 437.500000
1511.230469, -395.263672, 503.906250
1424.804688, -421.630859, 372.070312
791.015625, -283.447266, 324.218750
94.238281, -184.326172, 14.648438
-526.611328, -474.853516, 123.046875
-460.205078, -905.029297, 214.843750
-415.283203, -925.537109, 380.859375
-,-,-
-80.322266, -1003.662109, 194.335938
-161.376953, -1033.447266, 276.367188
-228.271484, -1059.326172, 317.382812
-386.474609, -978.271484, 235.839844
-452.880859, -510.009766, 123.046875
-151.123047, -210.693359, 531.250000
739.746094, -1.708984, 108.886719
1085.937500, -395.263672, 270.507812
1516.113281, -508.544922, 302.734375
1783.691406, -411.376953, 520.507812
1695.800781, -252.685547, 419.921875
1589.843750, -113.037109, 66.406250
1183.105469, -192.138672, 344.726562
549.316406, -125.244141, 108.398438
-31.494141, -322.998047, 285.644531
-551.025391, -602.783203, 277.343750
-,-,-
-182.373047, -1011.474609, 245.117188
-346.435547, -1034.423828, 297.851562
-321.533203, -854.248047, 312.988281
-487.548828, -713.623047, 124.023438
-172.607422, -350.341797, -24.658203
337.890625, -257.080078, 193.359375
884.765625, -490.966797, 201.171875
1066.894531, -405.517578, 209.960938
1518.554688, -396.240234, 389.160156
1779.296875, -248.779297, 544.433594
1573.242188, -264.404297, 465.332031
1454.101562, -232.177734, 156.738281
1043.457031, -322.998047, 207.519531
415.039062, -286.376953, 110.351562
-19.287109, -401.123047, 297.851562
-238.037109, -696.533203, 405.273438
-,-,-
-50.537109, -946.044922, 354.492188
-153.076172, -970.458984, 345.703125
-108.642578, -1024.169922, 406.250000
-270.751953, -904.052734, 169.921875
-630.615234, -713.623047, 136.718750
-353.759766, -746.826172, 220.703125
-10.009766, -399.169922, 251.953125
455.078125, -286.376953, 303.710938
1004.882812, -546.630859, 344.726562
1426.269531, -522.216797, 222.656250
1682.128906, -595.947266, 365.722656
1656.250000, -365.966797, 295.898438
1299.316406, -318.115234, 220.703125
765.136719, -337.158203, 186.523438
199.218750, -453.857422, 179.199219
-118.408203, -632.568359, 265.136719
-256.103516, -878.662109, 531.250000
-,-,-
-168.701172, -958.740234, 487.792969
-144.775391, -1017.333984, 377.929688
-141.357422, -1030.517578, 256.347656
-327.392578, -942.626953, 296.875000
-810.791016, -825.927734, 482.910156
-775.146484, -531.982422, 349.609375
17.089844, -253.662109, 457.031250
535.644531, -284.423828, 290.039062
898.437500, -509.521484, 44.921875
1283.203125, -647.216797, 221.679688
1728.515625, -554.931641, 342.773438
1663.574219, -525.634766, 381.835938
1444.335938, -305.419922, 140.625000
876.464844, -410.400391, 90.820312
199.707031, -454.345703, 189.453125
-89.111328, -503.662109, 100.585938
-,-,-
-151.611328, -950.927734, 413.574219
-141.357422, -956.787109, 354.492188
-286.376953, -915.283203, 267.578125
-367.431641, -1028.076172, 446.289062
-747.314453, -968.505859, 348.632812
-745.849609, -701.904297, 221.679688
-270.263672, -461.181641, 514.160156
359.375000, 57.617188, -69.091797
920.410156, -347.412109, 189.453125
1493.164062, -458.740234, 252.441406
1883.789062, -97.412109, 366.210938
1875.976562, -398.193359, 634.765625
1544.433594, -358.154297, 431.640625
1190.429688, -313.232422, 266.601562
527.343750, -242.919922, 247.070312
-166.259766, -383.056641, 238.281250
-393.798828, -821.533203, 297.851562
-635.498047, -798.583984, 397.460938
-,-,-
-186.767578, -924.560547, 522.460938
-156.982422, -992.919922, 395.507812
-183.349609, -915.771484, 431.640625
-269.287109, -911.865234, 299.804688
-690.185547, -790.283203, 285.644531
-1503.173828, -619.873047, 174.804688
-1003.173828, 207.031250, 425.781250
274.414062, 468.750000, 267.578125
1230.957031, -461.669922, 399.414062
1606.933594, -873.779297, 363.769531
1788.574219, -669.677734, 471.679688
1709.960938, -451.904297, 316.406250
1217.285156, -578.369141, 380.859375
601.074219, -452.880859, 231.445312
216.796875, -549.560547, 266.601562
-25.146484, -543.701172, 394.531250
-,-,-
-256.103516, -851.318359, 487.304688
-245.361328, -914.794922, 373.046875
-174.560547, -956.787109, 421.875000
-268.798828, -924.560547, 502.929688
-829.345703, -888.916016, 347.656250
-1053.955078, -456.787109, 85.937500
-552.490234, -85.693359, 600.585938
376.464844, -124.755859, 473.632812
1078.613281, -376.220703, 329.101562
1691.406250, -586.669922, 153.808594
1867.675781, -411.376953, 277.343750
1718.261719, -459.716797, 420.898438
1486.328125, -457.275391, 460.937500
892.089844, -197.998047, 162.109375
-78.369141, -148.681641, 94.726562
-650.634766, -457.275391, 206.542969
-702.392578, -822.021484, 527.343750
-,-,-
-270.263672, -812.255859, 417.480469
-330.810547, -876.708984, 533.203125
-635.498047, -779.052734, 530.273438
-1316.162109, -740.478516, 385.253906
-1241.455078, -51.513672, -200.927734
258.789062, -72.509766, 503.906250
920.410156, 128.906250, 314.941406
1643.554688, -626.220703, 509.765625
1721.679688, -608.154297, 527.343750
1568.847656, -227.294922, 375.976562
1411.132812, -358.642578, 380.859375
1000.000000, -330.810547, 275.390625
670.898438, -566.162109, 295.410156
48.339844, -505.126953, 237.792969
-367.919922, -672.607422, 235.839844
-,-,-
-264.404297, -946.533203, 540.039062
-274.658203, -902.099609, 366.210938
-260.498047, -990.966797, 403.320312
-799.560547, -895.263672, 306.152344
-1005.126953, -468.505859, 111.328125
-153.564453, -394.287109, 854.492188
470.703125, -124.267578, 421.386719
1102.050781, -290.283203, 271.484375
1549.316406, -447.998047, 322.265625
1666.992188, -440.185547, 355.468750
1566.406250, -335.205078, 355.468750
1505.371094, -312.255859, 231.445312
1046.875000, -169.189453, 248.046875
60.546875, -356.689453, 206.542969
-546.630859, -480.224609, 269.531250
-657.958984, -842.041016, 626.464844
-,-,-
-119.384766, -961.181641, 564.453125
-101.806641, -975.341797, 445.800781
-209.228516, -924.560547, 429.687500
-603.759766, -975.341797, 446.289062
-898.193359, -746.826172, 307.128906
-711.669922, -442.138672, 324.218750
-62.255859, 50.781250, 228.027344
751.953125, -124.267578, 297.851562
1366.699219, -255.615234, 181.152344
1884.765625, -366.943359, 480.468750
1883.789062, -317.626953, 532.226562
1656.738281, -134.521484, 486.328125
1500.000000, -124.267578, 275.390625
726.074219, -50.537109, 146.484375
-156.494141, -162.353516, 19.531250
-635.498047, -486.572266, 273.437500
-,-,-
-43.212891, -812.255859, 396.484375
-95.947266, -980.224609, 423.828125
-283.935547, -1017.333984, 417.968750
-713.623047, -1042.724609, 572.753906
-569.091797, -612.060547, 459.960938
157.226562, -280.029297, 487.304688
396.484375, -144.775391, 453.125000
945.312500, -266.845703, 30.273438
1133.300781, -538.818359, 354.492188
1564.453125, -466.552734, 212.890625
1698.730469, -333.251953, 237.304688
1541.992188, -287.353516, 108.886719
1020.996094, -366.943359, 51.269531
276.367188, -322.021484, 146.484375
-364.501953, -604.248047, 264.648438
-460.205078, -827.880859, 555.664062
-,-,-
-196.533203, -921.630859, 382.812500
-317.138672, -861.572266, 497.070312
-263.916016, -1029.541016, 522.460938
-691.162109, -1024.169922, 565.429688
-845.458984, -699.951172, 453.125000
-374.267578, -320.068359, 318.359375
444.335938, -219.482422, 556.640625
948.242188, -162.841797, 166.992188
1290.039062, -304.931641, 206.542969
1913.574219, -253.662109, 431.640625
1795.410156, -207.763672, 662.109375
1773.925781, -208.740234, 338.867188
1317.871094, -138.427734, 189.453125
196.777344, -35.888672, 129.394531
-476.318359, -183.349609, 0.488281
-918.212891, -551.025391, 502.929688
-,-,-
-371.337891, -855.224609, 362.792969
-547.607422, -977.783203, 370.117188
-934.326172, -1069.091797, 548.828125
-785.400391, -679.443359, 399.902344
-272.705078, -334.228516, 281.250000
278.320312, 44.433594, 271.484375
906.250000, -234.130859, 346.679688
1343.261719, -427.490234, 253.417969
1720.214844, -362.548828, 375.976562
1869.140625, -359.619141, 418.945312
1706.542969, -234.130859, 214.843750
1412.109375, -305.419922, 167.968750
211.914062, 5.859375, 95.703125
-136.962891, -478.759766, 96.679688
-601.806641, -710.693359, 360.351562
-,-,-
-293.212891, -886.962891, 627.441406
-384.033203, -865.966797, 543.457031
-540.283203, -874.755859, 449.218750
-912.353516, -795.654297, 577.148438
-946.044922, -494.873047, 426.757812
-472.900391, -275.146484, 295.898438
191.406250, 20.996094, 223.632812
902.832031, -357.177734, 129.882812
1454.589844, -476.318359, -58.349609
1826.660156, -653.564453, 148.437500
1700.683594, -614.990234, 360.839844
1530.273438, -581.787109, 277.343750
971.191406, -324.951172, 50.292969
-103.271484, -195.068359, 84.960938
-747.314453, -552.978516, 426.757812
-,-,-
-216.064453, -899.169922, 384.277344
-223.876953, -926.513672, 345.703125
-362.060547, -910.400391, 307.617188
-669.189453, -1058.837891, 226.562500
-956.787109, -781.982422, 179.199219
-768.798828, -395.263672, 329.101562
77.636719, 103.027344, 462.890625
1005.859375, -248.779297, 235.839844
1548.339844, -564.208984, 139.648438
1863.281250, -612.060547, 264.648438
1817.871094, -333.740234, 426.757812
1762.695312, -477.294922, 292.480469
1056.152344, 39.062500, 135.742188
145.507812, -199.462891, 140.625000
-732.177734, -327.880859, 98.632812
-,-,-
-339.111328, -901.123047, 464.843750
-483.154297, -882.568359, 441.894531
-1035.888672, -1077.392578, 429.687500
-1150.146484, -255.615234, 463.867188
-86.669922, -134.521484, 377.929688
367.187500, -88.623047, 350.585938
862.304688, -347.412109, -131.103516
1201.171875, -248.779297, 258.300781
1626.953125, -584.716797, 404.296875
1717.285156, -225.341797, 266.601562
1829.101562, -379.638672, 476.562500
1178.710938, -201.904297, 258.300781
158.203125, -345.458984, 124.511719
-,-,-
-102.783203, -968.994141, 396.484375
-312.255859, -915.771484, 422.851562
-445.068359, -979.248047, 465.332031
-747.802734, -924.560547, 411.132812
-638.427734, -677.978516, 184.570312
-272.216797, -218.017578, 250.000000
367.187500, -52.978516, 216.796875
1009.765625, -280.029297, 94.726562
1510.253906, -267.333984, 338.378906
1861.328125, -529.541016, 915.039062
1987.304688, -314.208984, 519.042969
1694.824219, -169.189453, 474.609375
1048.339844, -87.646484, 117.187500
-218.994141, -300.537109, 97.656250
-385.986328, -580.322266, -43.701172
-721.923828, -822.998047, 233.886719
-,-,-
-96.435547, -850.341797, 205.078125
-324.951172, -1010.009766, 491.699219
-788.330078, -1073.974609, 458.984375
-709.716797, -817.626953, 394.531250
-346.923828, -366.943359, 260.253906
82.031250, 112.792969, 182.128906
941.894531, -313.720703, 14.648438
1329.589844, -343.994141, 270.507812
1715.820312, -434.326172, 541.992188
1803.222656, -430.419922, 572.753906
1643.066406, -339.111328, 593.750000
1448.242188, -421.630859, 470.703125
602.050781, -153.076172, 118.164062
-241.943359, -407.958984, 185.058594
-613.037109, -736.083984, 170.898438
-,-,-
-166.259766, -871.826172, 337.402344
-315.673828, -925.537109, 293.945312
-510.986328, -969.482422, 513.671875
-821.044922, -917.236328, 393.554688
-573.486328, -502.197266, 244.140625
16.113281, 185.546875, 173.828125
945.312500, -87.646484, -35.888672
1238.281250, -228.271484, 104.003906
1708.984375, -382.080078, 298.828125
1999.755859, -217.041016, 430.664062
1730.957031, -9.521484, 549.804688
1617.675781, -27.099609, 500.976562
939.453125, -73.486328, -62.255859
12.207031, -363.037109, -10.498047
-496.826172, -442.138672, -54.443359
-835.205078, -820.068359, 269.531250
-,-,-
-209.228516, -914.794922, 254.882812
-186.279297, -944.091797, 319.335938
-220.947266, -957.763672, 294.921875
-379.638672, -930.419922, 291.992188
-879.638672, -959.228516, 288.574219
-723.388672, -417.724609, 121.093750
177.246094, -157.958984, 230.468750
786.132812, -198.974609, -14.404297
1230.957031, -471.435547, 469.238281
1750.976562, -371.826172, 538.085938
1984.375000, -209.228516, 482.421875
1705.078125, -309.326172, 740.234375
1596.679688, -46.142578, 253.906250
736.328125, -96.923828, 65.429688
8.789062, -202.880859, 17.578125
-490.966797, -586.669922, -31.982422
-767.333984, -662.841797, 126.953125
-,-,-
-188.232422, -911.376953, 393.554688
-336.669922, -945.068359, 422.851562
-639.892578, -973.388672, 447.265625
-621.337891, -767.822266, 263.671875
-290.771484, -236.572266, 387.207031
473.144531, -77.880859, 291.992188
1220.703125, -220.458984, -144.287109
1584.472656, -406.005859, 135.742188
1970.703125, -276.123047, 337.402344
1740.234375, -88.623047, 288.574219
1576.660156, -161.865234, 185.546875
967.285156, -220.458984, 275.390625
132.812500, -233.154297, 36.132812
-338.623047, -496.826172, 344.726562
-,-,-
-278.076172, -871.826172, 403.320312
-364.501953, -883.544922, 437.988281
-491.455078, -797.607422, 329.101562
-700.927734, -804.443359, 298.828125
-449.951172, -384.033203, 144.531250
-50.537109, -146.728516, 280.761719
1017.089844, -309.326172, 37.109375
1463.867188, -536.865234, 375.976562
1802.246094, -552.978516, 435.546875
1764.648438, -302.490234, 255.859375
1465.820312, -443.115234, 421.875000
1072.265625, -185.302734, -15.380859
224.609375, -406.494141, 242.187500
-444.580078, -395.263672, 89.843750
-567.626953, -614.990234, 367.675781
-,-,-
-287.353516, -936.279297, 421.875000
-241.455078, -952.880859, 476.562500
-526.611328, -918.701172, 397.460938
-729.248047, -828.857422, 448.242188
-509.033203, -261.962891, 312.988281
300.781250, -151.123047, 194.335938
943.359375, -572.998047, -5.615234
1161.621094, -518.310547, 290.527344
1744.140625, -492.919922, 332.031250
1696.289062, -273.193359, 331.054688
1566.406250, -381.103516, 292.968750
1220.703125, -343.505859, 214.355469
440.429688, -579.833984, 196.289062
149.902344, -527.587891, 198.242188
-324.462891, -563.232422, 123.046875
-441.162109, -697.509766, 330.078125
-662.353516, -708.740234, 613.281250
-,-,-
-269.775391, -927.001953, 517.089844
-449.951172, -859.619141, 516.113281
-592.529297, -906.982422, 523.437500
-447.021484, -471.435547, 399.414062
115.234375, -238.525391, 263.671875
834.472656, -619.873047, 114.257812
917.480469, -538.818359, 268.066406
1178.710938, -567.138672, 995.605469
1482.421875, -441.162109, 397.460938
1317.382812, -540.771484, 507.812500
1183.105469, -482.666016, 267.578125
1015.136719, -506.591797, 213.867188
424.316406, -354.248047, 199.218750
-110.107422, -381.591797, 347.656250
-,-,-
-165.771484, -826.904297, 342.773438
-272.216797, -883.056641, 495.605469
-467.041016, -898.193359, 411.132812
-661.865234, -902.099609, 483.398438
-426.025391, -511.474609, 331.054688
32.226562, -154.052734, 222.656250
619.628906, -273.193359, 70.312500
1021.972656, -586.669922, 318.359375
1261.718750, -691.650391, 561.523438
1478.027344, -501.220703, 457.031250
1402.832031, -468.505859, 531.250000
1195.800781, -505.126953, 357.910156
848.144531, -502.685547, 321.289062
410.156250, -240.478516, 307.128906
-152.099609, -495.361328, 354.492188
-601.318359, -371.826172, 393.066406
-,-,-
-286.376953, -923.583984, 453.125000
-364.501953, -863.525391, 375.976562
-656.982422, -1012.451172, 541.015625
-778.076172, -778.076172, 450.195312
-471.435547, -322.998047, 273.437500
110.351562, -129.638672, 135.742188
911.132812, -693.603516, 85.937500
1063.476562, -349.365234, 60.546875
1439.453125, -258.544922, 246.093750
1532.714844, -360.107422, 402.343750
1499.511719, -265.869141, 317.382812
1464.843750, -394.287109, 233.886719
1271.972656, -463.134766, 325.683594
722.167969, -268.310547, 210.449219
-,-,-
-104.736328, -1057.861328, 552.734375
-289.794922, -944.091797, 505.859375
-514.404297, -977.294922, 589.843750
-695.068359, -907.958984, 422.851562
-909.912109, -728.271484, 400.390625
-606.201172, -177.490234, 107.910156
113.769531, 126.953125, 250.000000
938.964844, -114.990234, 466.308594
1562.500000, -390.380859, 550.781250
1999.755859, -573.486328, 711.914062
1999.755859, -515.380859, 523.437500
1180.175781, -84.716797, 117.187500
-298.095703, -109.130859, 265.625000
-605.224609, -593.505859, 432.617188
-441.162109, -753.662109, 351.562500
-,-,-
-207.763672, -925.537109, 465.332031
-337.158203, -914.306641, 585.937500
-593.017578, -934.326172, 427.734375
-660.888672, -875.732422, 461.914062
-456.787109, -546.630859, 283.691406
64.453125, -87.646484, 185.546875
638.183594, -273.193359, 538.085938
1056.152344, -474.365234, 559.570312
1390.136719, -400.146484, 685.546875
1344.238281, -170.654297, 960.449219
1432.128906, -431.884766, 748.535156
1131.835938, -336.181641, 291.015625
404.296875, -182.373047, 475.585938
-179.443359, -381.591797, 349.609375
-427.490234, -747.314453, 364.746094
-540.771484, -821.044922, 436.523438
-,-,-
-312.255859, -909.912109, 544.433594
-588.623047, -844.970703, 315.429688
-495.361328, -701.904297, 278.320312
-218.994141, -597.412109, 465.332031
9.277344, -384.033203, 461.914062
421.386719, -294.677734, 319.335938
1028.808594, -376.708984, 489.257812
1568.847656, -420.654297, 471.191406
1681.152344, -337.158203, 559.570312
1502.441406, -336.181641, 579.101562
1212.402344, -365.966797, 299.804688
593.750000, -316.650391, 405.273438
-44.677734, -325.927734, 556.640625
-285.400391, -645.263672, 524.414062
-393.798828, -769.287109, 553.710938
-392.822266, -768.798828, 661.132812
-,-,-
-96.435547, -864.501953, 620.117188
-87.646484, -908.447266, 606.445312
-156.494141, -883.544922, 512.695312
-438.232422, -856.201172, 571.777344
-644.775391, -724.853516, 469.238281
-293.212891, -385.009766, 192.382812
215.332031, -239.990234, 477.539062
753.906250, -298.583984, 443.847656
1250.000000, -555.908203, 604.492188
1327.148438, -412.353516, 699.707031
1421.386719, -193.603516, 710.937500
1496.582031, -265.869141, 596.191406
1229.003906, -384.033203, 333.984375
559.082031, -216.064453, 310.058594
-207.275391, -394.287109, 401.367188
-601.806641, -637.451172, 571.777344
-,-,-
-73.486328, -826.904297, 669.433594
-81.787109, -935.302734, 494.628906
-72.998047, -943.115234, 488.769531
-170.654297, -888.916016, 450.195312
-319.091797, -872.802734, 429.687500
-668.701172, -858.154297, 477.539062
-655.029297, -546.630859, 250.000000
-22.705078, -190.185547, 364.746094
701.171875, -117.431641, 280.273438
1441.894531, -364.990234, 402.832031
1604.980469, -476.318359, 697.753906
1596.679688, -281.982422, 747.070312
1583.984375, -362.548828, 498.535156
862.304688, -310.791016, 191.406250
92.773438, -117.919922, 226.562500
-614.013672, -537.841797, 540.527344
-470.458984, -884.033203, 501.953125
-,-,-
-106.689453, -866.455078, 561.523438
-340.576172, -936.767578, 626.464844
-469.482422, -902.099609, 589.843750
-305.908203, -540.771484, 315.429688
22.460938, -229.248047, 389.160156
563.476562, -120.361328, 303.710938
979.980469, -391.357422, 73.242188
1206.542969, -458.740234, 395.507812
1453.613281, -247.802734, 934.082031
1562.011719, -71.533203, 787.109375
1392.089844, -284.423828, 609.375000
1007.324219, -296.630859, 512.695312
776.855469, -350.830078, 447.265625
-261.962891, -249.755859, 353.515625
-479.736328, -660.888672, 580.078125
-432.373047, -805.419922, 604.492188
-,-,-
-67.626953, -918.701172, 588.867188
-22.216797, -853.271484, 457.031250
27.343750, -860.107422, 474.609375
-245.361328, -914.794922, 494.628906
-411.376953, -820.068359, 362.792969
-194.580078, -498.291016, 401.367188
304.199219, -187.255859, 403.320312
866.699219, -260.009766, 419.921875
1264.648438, -494.873047, 469.726562
1482.421875, -341.552734, 694.335938
1501.464844, -54.443359, 795.898438
1431.152344, -263.427734, 693.359375
1164.062500, -355.224609, 296.875000
411.621094, -39.306641, 398.437500
-144.775391, -508.544922, 185.546875
-294.677734, -715.087891, 418.945312
-250.244141, -856.201172, 574.218750
-,-,-
-6.103516, -876.708984, 500.976562
-46.142578, -813.232422, 581.054688
-27.099609, -872.802734, 516.113281
-279.541016, -842.041016, 457.031250
-460.693359, -707.763672, 436.035156
-100.341797, -462.646484, 372.070312
119.628906, 3.906250, 349.609375
863.281250, -442.138672, 433.105469
1351.562500, -432.861328, 375.976562
1491.699219, -235.107422, 988.769531
1396.484375, -49.560547, 1041.992188
1271.972656, -255.615234, 789.062500
941.894531, -190.673828, 337.402344
523.437500, -290.283203, 509.765625
28.808594, -319.580078, 399.414062
-59.814453, -623.291016, 534.179688
-140.380859, -763.427734, 601.074219
-133.056641, -817.626953, 616.210938
-,-,-
-126.708984, -920.654297, 511.718750
-161.865234, -959.228516, 519.531250
-315.673828, -873.779297, 554.687500
-325.927734, -673.095703, 348.632812
-199.462891, -192.626953, 86.914062
434.570312, -98.388672, 388.183594
814.453125, -427.490234, 272.460938
1113.769531, -574.951172, 341.308594
1250.000000, -395.263672, 710.937500
1442.382812, -52.978516, 987.792969
1381.835938, -146.728516, 925.781250
1356.933594, -168.212891, 507.812500
1239.257812, -332.763672, 402.343750
815.917969, -219.970703, 493.652344
372.070312, -291.259766, 622.558594
162.597656, -269.287109, 380.859375
-267.333984, -578.857422, 500.488281
-558.349609, -788.818359, 594.726562
-,-,-
-63.720703, -887.939453, 586.914062
-121.826172, -866.455078, 317.382812
-184.814453, -872.802734, 482.421875
-361.083984, -858.154297, 429.687500
-471.923828, -667.724609, 194.335938
12.207031, -281.005859, 540.527344
2.929688, -88.623047, 597.167969
613.769531, -343.505859, 156.738281
1105.957031, -721.923828, 563.476562
1475.585938, -703.857422, 910.156250
1553.222656, -69.091797, 792.968750
1448.242188, -164.794922, 1018.554688
1265.136719, -204.833984, 550.781250
892.089844, -343.505859, 539.062500
455.078125, 46.386719, 547.851562
56.640625, -435.302734, 396.484375
-167.236328, -511.474609, 342.285156
-558.349609, -805.419922, 424.804688
-435.791016, -793.212891, 581.542969
-,-,-
-133.056641, -915.771484, 567.871094
-127.685547, -975.341797, 450.195312
-71.533203, -955.810547, 466.308594
-157.958984, -934.814453, 379.882812
-571.044922, -824.951172, 421.875000
-745.361328, -489.990234, 273.437500
-245.361328, -224.365234, 455.078125
119.628906, -40.771484, 344.238281
858.398438, -419.189453, 93.750000
1257.324219, -630.615234, 507.812500
1559.082031, -468.505859, 766.601562
1671.386719, -49.072266, 1012.207031
1633.789062, -230.224609, 902.343750
1331.542969, -162.841797, 343.261719
909.179688, -180.419922, 462.890625
-104.248047, 160.156250, 157.714844
-836.181641, -539.794922, 307.128906
-776.611328, -872.802734, 420.898438
-676.025391, -872.802734, 644.531250
-,-,-
-241.943359, -914.306641, 581.054688
-285.888672, -915.283203, 337.402344
-344.482422, -915.771484, 496.093750
-568.603516, -829.833984, 455.078125
-525.634766, -518.310547, 185.058594
-138.916016, -222.900391, 434.570312
257.812500, 55.664062, 320.312500
892.578125, -294.189453, 123.046875
1275.878906, -427.978516, 468.261719
1615.234375, -354.248047, 915.039062
1697.265625, -43.701172, 761.718750
1530.761719, -114.501953, 797.851562
1553.222656, -263.916016, 419.433594
814.453125, -248.779297, 264.648438
-7.080078, -290.771484, 322.265625
-614.501953, -316.650391, 608.398438
-365.966797, -808.349609, 515.136719
-,-,-
-172.119141, -985.595703, 475.585938
-216.064453, -911.865234, 435.546875
-376.220703, -1061.767578, 396.484375
-599.365234, -815.673828, 349.609375
-328.369141, -312.744141, -4.638672
57.617188, -33.935547, 198.242188
767.578125, -119.873047, 337.402344
1269.531250, -388.427734, 536.132812
1809.570312, -387.939453, 754.394531
1692.871094, -175.537109, 820.312500
1531.250000, -508.544922, 626.953125
770.019531, -260.009766, 203.125000
-130.126953, -451.904297, 426.757812
-391.357422, -564.208984, 462.890625
-,-,-
-63.720703, -955.810547, 601.074219
-117.431641, -924.560547, 485.351562
-344.970703, -943.115234, 398.437500
-807.373047, -946.044922, 636.718750
-872.314453, -569.091797, 298.828125
-363.037109, -130.615234, 164.062500
420.410156, 184.570312, 425.781250
1335.449219, -300.537109, 373.535156
1554.199219, -280.029297, 628.906250
1645.019531, -104.248047, 925.781250
1605.468750, -90.576172, 696.777344
1433.593750, -235.595703, 367.675781
841.796875, -162.353516, 133.300781
-189.697266, -342.041016, 244.140625
-682.373047, -719.970703, 504.882812
-,-,-
-246.337891, -832.763672, 541.503906
-405.029297, -862.060547, 523.437500
-714.599609, -1013.916016, 510.742188
-836.181641, -630.615234, 491.699219
-282.958984, -232.177734, 190.429688
528.320312, -69.580078, 346.679688
1187.011719, -225.341797, 305.664062
1491.210938, -400.634766, 674.316406
1687.988281, -323.974609, 606.445312
1427.734375, -318.115234, 467.285156
1147.460938, -501.220703, 308.593750
546.875000, -389.404297, 404.296875
-24.658203, -486.083984, 425.781250
-419.189453, -554.931641, 470.703125
-,-,-
-132.080078, -869.873047, 707.031250
-134.521484, -851.318359, 580.078125
-220.947266, -830.810547, 461.914062
-512.451172, -775.146484, 612.304688
-600.341797, -668.701172, 516.113281
-501.708984, -440.185547, 483.398438
88.378906, -134.521484, 331.542969
571.289062, -46.630859, 502.929688
1229.003906, -541.748047, 504.882812
1467.285156, -686.279297, 806.640625
1462.402344, -381.591797, 1095.703125
1508.300781, -408.447266, 708.007812
957.031250, -288.330078, 312.500000
113.769531, -174.560547, 250.000000
-601.806641, -478.271484, 436.523438
-462.646484, -847.412109, 530.273438
-,-,-
-178.955078, -910.888672, 561.523438
-337.646484, -895.263672, 495.117188
-397.705078, -936.279297, 519.042969
-186.767578, -802.490234, 482.421875
-57.373047, -812.255859, 506.835938
-56.396484, -730.224609, 531.250000
33.691406, -538.818359, 566.894531
124.511719, -220.947266, 623.535156
632.324219, -413.818359, 496.582031
1201.171875, -604.736328, 464.355469
1540.039062, -495.849609, 722.656250
1569.824219, -305.419922, 749.023438
1241.699219, -364.013672, 363.769531
195.800781, -228.271484, 275.390625
-415.283203, -533.447266, 493.652344
-283.935547, -789.306641, 541.015625
-,-,-
-154.541016, -819.091797, 558.593750
-186.279297, -915.771484, 519.531250
-586.181641, -852.294922, 396.484375
-832.763672, -963.134766, 546.386719
-478.759766, -615.966797, 430.664062
62.500000, -165.283203, 416.503906
464.355469, 86.914062, 370.117188
950.683594, -311.279297, 240.722656
1299.804688, -523.681641, 453.125000
1486.816406, -391.845703, 857.910156
1412.109375, -227.294922, 814.453125
1384.765625, -357.177734, 690.429688
1112.304688, -261.474609, 485.351562
300.781250, -136.474609, 462.890625
-503.173828, -317.138672, 351.562500
-687.255859, -730.224609, 602.050781
-,-,-
-295.166016, -857.177734, 603.515625
-306.396484, -703.857422, 582.031250
-533.447266, -907.958984, 477.539062
-768.798828, -711.669922, 594.238281
-529.052734, -404.541016, 242.187500
-85.693359, -136.474609, 520.019531
395.507812, -40.283203, 393.554688
1189.941406, -495.849609, 220.703125
1453.125000, -632.568359, 632.324219
1607.421875, -448.974609, 903.320312
1423.828125, -375.732422, 745.117188
1241.699219, -438.720703, 273.925781
693.847656, -266.845703, 325.195312
-77.392578, -259.521484, 608.398438
-581.298828, -388.427734, 516.601562
-,-,-
-189.697266, -845.458984, 573.730469
-160.400391, -844.482422, 578.125000
-261.962891, -816.650391, 557.617188
-311.279297, -817.138672, 497.070312
-530.517578, -807.373047, 537.597656
-740.478516, -664.794922, 407.226562
-276.611328, -391.357422, 499.023438
226.074219, -109.130859, 614.257812
716.308594, -142.333984, 327.148438
1320.312500, -552.978516, 380.859375
1559.082031, -592.529297, 710.937500
1652.832031, -295.654297, 807.617188
1594.726562, -290.283203, 473.144531
903.320312, -187.744141, 127.441406
-288.818359, -182.373047, 289.062500
-887.451172, -679.443359, 563.476562
-482.666016, -833.740234, 452.148438
-,-,-
-115.966797, -887.451172, 584.960938
-265.380859, -878.662109, 562.500000
-403.076172, -850.341797, 489.746094
-502.197266, -830.810547, 544.433594
-318.115234, -663.818359, 471.679688
-44.677734, -340.576172, 377.929688
361.328125, -270.751953, 271.484375
976.562500, -498.779297, 214.843750
1197.265625, -574.462891, 687.500000
1438.964844, -368.896484, 755.371094
1436.035156, -251.708984, 711.914062
1239.257812, -308.349609, 540.527344
1129.394531, -409.912109, 274.414062
637.695312, -322.021484, 387.207031
-23.681641, -421.630859, 560.546875
-361.083984, -636.474609, 519.042969
-,-,-
-119.873047, -768.798828, 638.671875
-93.505859, -901.123047, 480.468750
-240.966797, -728.271484, 515.136719
-486.572266, -906.982422, 633.789062
-597.412109, -764.892578, 665.039062
-362.548828, -363.037109, 460.937500
94.238281, -31.005859, 425.781250
500.488281, -221.923828, 344.726562
1041.503906, -558.349609, 224.609375
1406.250000, -635.498047, 775.878906
1550.292969, -273.193359, 1006.835938
1518.554688, -277.099609, 770.507812
1283.691406, -173.583984, 432.617188
611.328125, -107.177734, 396.484375
-418.212891, -173.095703, 265.625000
-732.177734, -694.580078, 526.367188
-365.478516, -860.107422, 608.398438
-,-,-
-153.076172, -867.431641, 546.386719
-274.658203, -826.904297, 586.914062
-503.173828, -843.505859, 501.953125
-852.783203, -835.693359, 712.890625
-617.919922, -400.634766, 609.375000
-101.806641, -218.017578, 464.355469
504.882812, -103.271484, 379.882812
933.593750, -406.494141, 415.527344
1145.996094, -522.216797, 535.156250
1516.601562, -443.115234, 782.226562
1454.101562, -272.216797, 877.929688
1399.414062, -356.201172, 553.710938
991.699219, -172.607422, 318.359375
281.738281, -203.857422, 318.359375
-493.408203, -241.455078, 394.531250
-615.966797, -934.814453, 642.578125
-399.169922, -779.052734, 599.121094
-,-,-
-100.830078, -763.427734, 706.542969
-112.060547, -741.943359, 614.257812
-185.791016, -756.591797, 586.425781
-190.673828, -783.935547, 628.417969
-486.083984, -834.716797, 668.945312
-884.033203, -633.544922, 553.710938
-646.728516, -426.513672, 464.843750
-223.876953, 66.894531, 606.445312
568.847656, -41.748047, 347.656250
1246.582031, -462.158203, 423.828125
1902.343750, -344.482422, 888.183594
1816.406250, -27.099609, 1320.312500
1843.261719, -0.244141, 708.496094
999.023438, 177.734375, -21.728516
-569.091797, 94.238281, 54.199219
-1220.458984, -630.615234, 587.890625
-,-,-
-212.158203, -816.650391, 595.214844
-188.232422, -812.255859, 650.390625
-602.783203, -827.880859, 530.273438
-963.623047, -807.373047, 528.320312
-755.615234, -369.873047, 426.757812
-68.115234, 156.250000, 362.792969
655.273438, -61.767578, 698.730469
1240.722656, -436.767578, 301.269531
1512.695312, -580.322266, 606.445312
1667.968750, -330.810547, 1014.160156
1505.371094, -195.068359, 776.855469
1393.066406, -154.052734, 292.968750
103.515625, 46.386719, 290.039062
-799.072266, -276.123047, 381.835938
-657.470703, -833.740234, 594.726562
-404.052734, -718.505859, 554.687500
-292.724609, -718.017578, 760.742188
-,-,-
-59.814453, -874.755859, 751.464844
-108.154297, -863.037109, 657.226562
-200.927734, -903.076172, 623.535156
-436.767578, -989.990234, 691.406250
-851.806641, -931.396484, 764.648438
-854.248047, -473.388672, 542.480469
-272.216797, 163.085938, 497.558594
799.804688, 69.824219, 53.222656
1475.585938, -103.271484, 263.183594
1790.527344, -130.615234, 713.867188
1680.664062, -147.216797, 673.339844
1422.851562, -410.400391, 347.656250
700.683594, -399.169922, 90.820312
-430.419922, -381.591797, 313.964844
-410.400391, -695.068359, 402.343750
-,-,-
-204.833984, -845.458984, 576.171875
-227.783203, -860.107422, 591.796875
-403.076172, -815.673828, 590.820312
-656.494141, -783.935547, 628.906250
-820.556641, -524.658203, 635.742188
-341.552734, -145.751953, 634.765625
689.453125, -32.958984, 282.714844
1449.218750, -359.619141, 392.089844
1555.664062, -221.435547, 595.214844
1549.316406, -176.513672, 614.257812
1358.398438, -296.630859, 534.179688
1208.007812, -246.826172, 217.773438
477.539062, -321.044922, 219.726562
-554.443359, -263.916016, 482.421875
-726.318359, -760.498047, 708.007812
-,-,-
-119.873047, -822.998047, 605.468750
-190.673828, -922.607422, 554.687500
-202.392578, -843.505859, 565.429688
-574.951172, -939.697266, 719.726562
-886.474609, -720.947266, 581.054688
-542.236328, -451.416016, 539.062500
-17.822266, -210.693359, 573.730469
586.425781, -225.341797, 386.230469
1187.011719, -458.740234, 285.644531
1489.746094, -355.224609, 557.617188
1598.144531, -120.361328, 608.398438
1390.136719, -343.505859, 558.593750
1064.453125, -380.126953, 208.496094
326.171875, -373.779297, 223.632812
-433.837891, -410.888672, 531.250000
-564.697266, -814.697266, 905.761719
-,-,-
-141.357422, -834.228516, 535.156250
-240.966797, -869.873047, 582.031250
-344.482422, -908.935547, 681.640625
-654.052734, -830.810547, 608.398438
-534.423828, -604.248047, 500.976562
-119.384766, -400.146484, 546.875000
271.484375, -93.017578, 421.875000
789.062500, -215.087891, 652.343750
1335.449219, -309.814453, 442.871094
1653.808594, -312.744141, 572.753906
1548.828125, -248.779297, 653.320312
1464.355469, -396.240234, 479.492188
648.437500, -103.271484, 249.023438
-424.560547, -408.447266, 475.585938
-608.642578, -825.927734, 482.421875
-277.587891, -771.240234, 640.625000
-,-,-
-100.830078, -801.513672, 575.195312
-218.505859, -870.849609, 503.906250
-580.810547, -862.548828, 506.835938
-779.052734, -843.505859, 609.375000
-572.021484, -177.490234, 628.417969
291.015625, -204.345703, 375.000000
960.449219, -377.685547, 83.496094
1188.964844, -290.283203, 791.015625
1499.023438, -343.505859, 844.726562
1417.968750, -242.919922, 683.593750
1345.703125, -392.333984, 605.957031
963.867188, -273.193359, 473.632812
214.355469, -218.505859, 528.320312
-439.208984, -436.279297, 487.304688
-422.119141, -789.306641, 575.195312
-,-,-
-0.732422, -745.849609, 708.984375
-52.978516, -802.490234, 566.406250
-384.521484, -823.974609, 642.089844
-766.357422, -712.646484, 653.808594
-539.794922, -409.423828, 352.539062
66.406250, -102.294922, 658.203125
593.750000, -135.498047, 809.570312
1155.273438, -388.916016, 472.656250
1493.652344, -309.326172, 680.664062
1522.949219, 33.203125, 995.117188
1459.960938, -54.443359, 847.656250
1302.734375, -177.490234, 393.066406
695.800781, -40.771484, 395.507812
-198.974609, -177.001953, 300.781250
-435.302734, -659.912109, 465.820312
-,-,-
-145.751953, -842.529297, 548.339844
-147.216797, -864.990234, 589.843750
-191.650391, -781.982422, 557.617188
-572.509766, -1023.193359, 680.664062
-853.759766, -883.544922, 664.062500
-518.798828, -519.287109, 470.214844
38.574219, 45.410156, 497.558594
476.074219, 67.382812, 217.773438
1145.996094, -309.814453, 123.046875
1288.574219, -112.060547, 541.503906
1767.578125, 82.031250, 614.257812
1637.207031, -159.912109, 798.828125
1545.410156, -238.525391, 600.097656
1322.753906, -191.650391, 391.601562
605.468750, -156.982422, 342.285156
-260.498047, -80.810547, 114.257812
-727.294922, -538.818359, 280.273438
-697.509766, -781.005859, 507.812500
-,-,-
-410.888672, -864.501953, 848.632812
-585.205078, -1021.240234, 482.421875
-1023.193359, -879.638672, 548.339844
-480.224609, -339.111328, 484.375000
437.011719, -253.662109, 583.984375
889.648438, -154.052734, 511.230469
1449.707031, -124.755859, 677.246094
1741.699219, -133.544922, 637.695312
1605.957031, -196.044922, 554.687500
1158.691406, -260.498047, 332.519531
242.187500, -70.068359, 245.117188
-269.287109, -428.466797, 469.726562
-437.255859, -817.626953, 617.187500
-,-,-
-140.380859, -857.177734, 762.695312
-148.681641, -882.568359, 568.847656
-238.525391, -908.935547, 602.050781
-690.673828, -912.353516, 535.156250
-788.330078, -730.224609, 417.480469
-381.591797, -304.931641, 298.828125
193.359375, 55.664062, 255.859375
987.304688, -72.509766, 452.148438
1809.082031, -343.505859, 506.835938
1885.253906, -385.009766, 824.707031
1694.824219, -227.294922, 719.726562
983.398438, -126.708984, -29.052734
70.800781, -10.498047, 296.875000
-523.681641, -537.353516, 575.195312
-449.462891, -791.259766, 373.535156
-,-,-
-82.275391, -824.951172, 350.585938
-51.513672, -1002.685547, 293.945312
-433.349609, -969.482422, 322.265625
-813.232422, -833.740234, 249.023438
-402.099609, -365.478516, 43.945312
314.453125, -286.376953, 275.390625
914.062500, -316.650391, 649.902344
1244.140625, -542.724609, 534.179688
1486.816406, -406.005859, 675.292969
1602.539062, -446.044922, 451.171875
1462.402344, -496.826172, 394.042969
1151.855469, -346.435547, 280.761719
520.019531, -358.642578, 305.175781
-520.263672, -182.373047, 166.015625
-387.939453, -574.951172, 418.457031
-,-,-
-76.416016, -929.443359, 548.828125
-95.947266, -852.294922, 426.757812
-224.365234, -902.099609, 508.789062
-500.244141, -926.513672, 476.562500
-690.673828, -640.380859, 309.082031
-262.939453, -599.853516, 533.203125
144.042969, -253.662109, 366.699219
695.800781, -196.533203, 469.238281
1065.429688, -394.287109, 480.468750
1401.855469, -427.001953, 491.699219
1606.933594, -408.447266, 528.320312
1618.652344, -528.564453, 685.546875
1446.289062, -314.697266, 358.398438
584.960938, -295.166016, 272.460938
-363.037109, -80.810547, 276.367188
-563.232422, -652.587891, 401.367188
-,-,-
-108.154297, -844.482422, 479.492188
-346.923828, -826.904297, 357.910156
-634.521484, -801.513672, 371.093750
-734.619141, -507.568359, 507.812500
-73.486328, -227.294922, 310.058594
742.187500, -153.076172, 429.687500
1248.535156, -145.751953, 477.539062
1586.425781, -268.798828, 449.707031
1642.089844, -343.505859, 800.781250
1430.175781, -198.974609, 528.320312
1458.984375, -379.150391, 329.589844
937.500000, -212.158203, 354.003906
323.730469, -295.654297, 249.023438
-126.220703, -343.994141, 422.851562
-536.376953, -716.064453, 317.382812
-624.755859, -715.087891, 318.847656
-418.212891, -878.662109, 823.730469
-,-,-
-83.251953, -829.833984, 415.527344
-327.880859, -838.623047, 393.554688
-608.154297, -820.556641, 319.335938
-468.505859, -809.814453, 601.074219
-191.650391, -274.169922, 174.316406
715.332031, -175.537109, 439.941406
962.890625, -109.130859, 430.664062
1171.386719, -187.255859, 430.664062
1434.570312, -234.130859, 659.179688
1497.558594, -160.888672, 572.753906
1387.695312, -176.513672, 653.320312
1407.714844, -370.361328, 413.574219
991.210938, -225.341797, 182.128906
338.378906, -421.142578, 395.019531
-149.658203, -438.720703, 255.859375
-367.431641, -603.271484, 311.035156
-,-,-
-213.134766, -936.767578, 278.320312
-233.642578, -933.349609, 401.367188
-245.361328, -984.130859, 313.476562
-514.892578, -861.083984, 393.554688
-523.681641, -752.685547, 216.796875
-33.935547, -574.951172, 417.480469
291.503906, -291.259766, 125.976562
962.402344, -386.474609, 71.777344
1128.417969, -434.326172, 207.519531
1352.539062, -345.458984, 278.808594
1558.105469, -444.091797, 345.703125
1417.968750, -490.966797, 396.484375
1399.414062, -458.251953, 207.519531
1214.355469, -473.388672, 423.828125
644.531250, -191.650391, -21.728516
-126.220703, -469.482422, 166.992188
-453.369141, -630.615234, 489.257812
-483.642578, -856.689453, 603.027344
-,-,-
-191.650391, -947.021484, 438.964844
-171.630859, -896.240234, 396.484375
-173.583984, -895.263672, 382.812500
-239.013672, -904.052734, 331.054688
-575.927734, -838.623047, 388.183594
-627.197266, -765.380859, 372.070312
-361.572266, -529.052734, 448.730469
201.171875, -367.919922, 391.113281
737.304688, -452.880859, 194.335938
1029.296875, -580.322266, 520.996094
1408.203125, -603.759766, 558.593750
1489.257812, -565.185547, 466.308594
1337.890625, -697.509766, 562.500000
1244.140625, -569.091797, 270.019531
1025.878906, -478.759766, 347.656250
313.476562, -405.517578, 465.820312
-122.314453, -409.423828, 122.558594
-711.181641, -572.021484, 323.242188
-593.017578, -868.408203, 533.203125
-,-,-
-212.158203, -963.134766, 437.011719
-252.197266, -946.044922, 349.609375
-310.791016, -880.615234, 278.808594
-344.970703, -902.099609, 271.484375
-659.912109, -876.708984, 272.460938
-1067.138672, -731.201172, 373.046875
-557.373047, -244.384766, 272.460938
253.906250, -5.126953, 28.808594
922.363281, -216.064453, 210.449219
1269.042969, -413.818359, 269.531250
1406.738281, -456.298828, 651.367188
1550.292969, -442.138672, 547.363281
1454.589844, -531.494141, 767.578125
1309.570312, -425.537109, 333.007812
1320.312500, -499.755859, 489.746094
922.851562, -442.138672, 548.828125
65.917969, -232.666016, -79.345703
-292.236328, -457.763672, 78.613281
-756.103516, -572.509766, 356.933594
-707.763672, -821.533203, 445.312500
-517.333984, -865.478516, 467.285156
-,-,-
-247.802734, -833.740234, 348.632812
-241.943359, -911.865234, 388.183594
-344.482422, -920.654297, 331.054688
-648.193359, -865.966797, 403.320312
-765.869141, -663.818359, 260.742188
-495.361328, -396.240234, 425.781250
203.613281, 118.652344, 152.832031
1104.492188, -127.685547, 204.589844
1500.000000, -320.068359, 523.925781
1578.125000, -239.501953, 649.902344
1614.257812, -325.927734, 730.468750
1355.957031, -351.318359, 766.601562
1332.031250, -337.158203, 422.851562
1228.027344, -399.169922, 513.183594
347.167969, -169.189453, 193.359375
-524.169922, -17.333984, -1.220703
-668.701172, -572.998047, 312.988281
-809.326172, -759.033203, 612.304688
-615.478516, -813.720703, 580.078125
-387.451172, -898.193359, 711.914062
-,-,-
-251.220703, -868.408203, 716.796875
-175.048828, -904.541016, 440.917969
-151.611328, -914.794922, 378.906250
-510.498047, -917.236328, 371.093750
-858.154297, -738.037109, 124.023438
-616.455078, -480.224609, 254.394531
161.621094, -283.447266, 424.804688
784.667969, -306.396484, 428.710938
1333.007812, -220.947266, 403.320312
1484.863281, -507.080078, 985.839844
1642.578125, -290.283203, 521.484375
1421.386719, -408.447266, 733.398438
1249.023438, -248.779297, 482.421875
679.199219, -343.505859, 459.960938
-224.365234, -122.314453, 99.609375
-696.044922, -627.685547, 268.554688
-659.912109, -769.775391, 293.945312
-446.044922, -838.623047, 463.867188
-,-,-
-162.353516, -917.724609, 397.460938
-80.810547, -905.517578, 436.035156
-142.822266, -888.916016, 430.664062
-265.869141, -906.494141, 401.367188
-267.822266, -923.583984, 429.687500
-417.236328, -893.310547, 400.390625
-795.654297, -785.400391, 609.375000
-489.990234, -430.908203, 274.414062
-18.798828, -243.896484, 42.480469
584.960938, -281.005859, 223.632812
1235.839844, -345.947266, 718.261719
1680.664062, -533.935547, 909.667969
1674.316406, -458.740234, 621.582031
1622.558594, -666.748047, 662.109375
1247.558594, -318.115234, 188.964844
354.003906, -145.751953, -173.583984
-828.369141, -352.783203, 251.953125
-687.744141, -764.892578, 422.851562
-,-,-
-123.779297, -913.330078, 564.453125
-113.525391, -857.666016, 372.070312
-146.240234, -928.466797, 395.507812
-169.677734, -913.818359, 416.992188
-183.837891, -898.193359, 393.554688
-376.708984, -862.548828, 329.101562
-573.486328, -759.521484, 277.343750
-461.669922, -618.896484, 284.667969
-84.228516, -203.369141, 245.117188
389.648438, 29.296875, 604.492188
1107.421875, -317.626953, 680.664062
1649.414062, -613.037109, 659.179688
1713.378906, -574.462891, 713.867188
1566.406250, -636.474609, 681.640625
1419.433594, -503.173828, 288.085938
414.062500, -201.904297, -162.353516
-504.638672, -380.126953, 150.878906
-651.611328, -613.037109, 447.753906
-297.119141, -850.341797, 932.617188
-,-,-
-142.822266, -837.158203, 574.707031
-125.244141, -978.271484, 487.792969
-148.681641, -846.923828, 353.515625
-306.396484, -953.857422, 420.898438
-720.947266, -901.123047, 425.781250
-545.166016, -759.521484, 260.253906
-293.701172, -682.373047, 560.546875
118.164062, -172.607422, 294.433594
586.914062, -225.830078, 419.433594
960.449219, -467.529297, 595.703125
1247.558594, -512.451172, 667.968750
1518.554688, -433.837891, 881.347656
1543.457031, -443.115234, 820.312500
1557.128906, -399.169922, 663.085938
1179.199219, -29.052734, 303.710938
83.984375, -9.521484, 231.445312
-498.779297, -206.298828, 77.636719
-603.759766, -699.462891, 299.804688
-579.833984, -1018.310547, 829.589844
-357.177734, -919.677734, 748.535156
-,-,-
-130.615234, -958.251953, 612.304688
-169.189453, -943.603516, 413.574219
-174.072266, -889.892578, 393.554688
-195.068359, -858.154297, 460.937500
-326.904297, -921.630859, 489.746094
-604.248047, -876.708984, 363.769531
-534.912109, -789.306641, 173.828125
-306.396484, -744.384766, 529.296875
237.792969, -158.935547, 255.371094
628.906250, -175.048828, 530.273438
898.437500, -441.650391, 786.132812
1222.167969, -322.998047, 830.566406
1379.394531, -435.302734, 947.265625
1382.812500, -248.779297, 687.500000
1544.433594, -175.048828, 729.980469
1311.523438, -112.548828, 375.000000
199.707031, -8.056641, 154.785156
-533.935547, -381.103516, 273.437500
-504.638672, -830.810547, 570.800781
-,-,-
-10.009766, -1184.326172, 867.187500
-110.107422, -768.798828, 253.906250
-78.369141, -862.548828, 371.093750
-258.056641, -992.919922, 541.015625
-626.220703, -925.537109, 505.859375
-524.658203, -812.255859, 396.484375
-186.279297, -224.365234, 394.531250
482.421875, -186.279297, 670.410156
866.699219, -360.595703, 553.710938
1185.546875, -501.220703, 498.046875
1356.445312, -327.880859, 665.039062
1451.171875, -439.208984, 861.328125
1339.843750, -510.986328, 606.445312
1175.292969, -239.501953, 200.195312
751.464844, -175.537109, 390.625000
194.824219, -252.685547, 474.609375
-174.072266, -329.833984, 307.128906
-328.369141, -732.177734, 684.570312
-531.982422, -782.958984, 755.371094
-,-,-
-64.208984, -892.822266, 530.273438
-69.091797, -938.720703, 481.445312
-123.779297, -929.443359, 453.125000
-111.572266, -954.833984, 418.945312
-342.529297, -960.205078, 357.421875
-712.158203, -803.466797, 297.851562
-412.353516, -754.150391, 511.718750
-30.517578, -9.521484, 269.531250
619.628906, -289.306641, 784.179688
958.984375, -475.341797, 470.703125
1422.851562, -381.103516, 490.722656
1570.312500, -279.052734, 674.316406
1520.996094, -416.748047, 607.421875
1307.128906, -235.107422, 271.484375
519.042969, -151.123047, 211.425781
-556.396484, -294.189453, 153.808594
-652.587891, -828.857422, 336.425781
-,-,-
-62.744141, -865.478516, 441.894531
-70.068359, -929.443359, 503.906250
-111.572266, -933.349609, 493.652344
-176.513672, -922.607422, 389.160156
-207.275391, -967.529297, 445.312500
-281.494141, -906.982422, 361.816406
-514.404297, -841.552734, 407.226562
-486.083984, -599.365234, 263.183594
-104.736328, -169.677734, 262.695312
395.507812, -173.583984, 565.429688
900.878906, -331.787109, 468.261719
1509.277344, -686.279297, 794.921875
1636.230469, -642.822266, 979.492188
1646.484375, -373.779297, 558.593750
1383.789062, -235.107422, 291.992188
469.726562, -196.044922, 204.101562
-629.638672, -391.357422, 230.957031
-379.638672, -794.677734, 312.988281
